	0.00	0.00	13.41	-1.61	-1.41	-0.00	-0.00	4.449142	-75.199211	2.00	-0.1392	0.0691	-9.6749	0.0048	-0.0932	0.9614	-2.4214	-1.1708	194.4678	1	-1
	0.00	0.00	13.37	-1.61	-1.33	-0.00	-0.00	4.449142	-75.199211	2.00	-0.1426	0.0325	-9.6702	0.0068	-0.0932	0.9638	-2.4171	-1.1682	193.9153	24	22
	0.00	0.00	13.12	-0.73	-2.00	-0.00	-0.16	4.449142	-75.199211	2.00	-0.1237	0.0630	-9.6668	-0.0454	-0.1391	1.0722	-2.4111	-1.1643	193.9061	50	45
	0.00	0.00	13.15	2.78	-3.60	-0.38	-0.10	4.449142	-75.199211	2.00	0.4723	-0.1765	-9.9375	0.1074	0.3071	0.6269	-2.4215	-1.0622	193.7784	70	74
	0.00	0.00	12.76	10.00	-7.80	-0.12	0.08	4.449142	-75.199211	2.00	3.0851	0.6609	-10.0740	0.0102	0.2739	0.9804	-2.4084	-0.6477	193.4499	85	91
	0.00	0.00	12.58	20.28	-17.86	0.42	0.40	4.449142	-75.199211	2.00	5.2121	-0.1587	-9.8038	-0.0986	0.3090	1.0620	-2.4757	-0.3799	193.8590	95	97
	0.00	0.00	12.37	31.00	-31.14	1.10	0.90	4.449142	-75.199211	2.00	3.5814	-0.1449	-9.7716	0.0825	0.4711	0.7553	-2.4786	-0.3558	193.9104	99	96
	0.00	0.00	12.64	39.32	-42.02	1.89	1.69	4.449141	-75.199211	2.00	3.9314	-0.4374	-9.8126	-0.0136	0.4531	0.6381	-2.3785	-0.3138	193.5628	97	92
	0.00	0.00	12.72	43.69	-47.91	2.85	2.75	4.449141	-75.199211	2.00	3.5185	0.3374	-9.9358	0.1743	0.1152	0.9541	-2.2984	-0.3022	193.2452	91	85
	0.00	0.00	12.72	43.50	-48.14	3.95	3.94	4.449141	-75.199211	2.00	2.0864	0.5880	-8.9946	-0.0722	0.0644	1.1943	-2.3038	-0.4620	193.1408	81	76
	0.00	0.00	13.04	39.27	-42.96	5.07	5.05	4.449141	-75.199211	2.00	1.8834	0.5056	-9.3070	0.3549	-0.0502	0.4453	-2.3873	-0.4421	193.1256	71	67
	0.00	0.00	13.12	31.77	-33.57	6.02	5.98	4.449141	-75.199211	2.00	-0.7242	-0.1112	-10.9100	-0.0268	-0.1074	0.3154	-2.4842	-0.8066	193.0040	62	59
	0.00	0.00	13.18	22.72	-23.23	6.70	6.67	4.449141	-75.199211	2.00	1.2119	0.1348	-8.5658	-0.1577	-0.3354	1.5273	-2.4653	-0.7999	192.8069	56	54
	0.00	0.00	13.23	14.92	-15.54	7.13	7.12	4.449141	-75.199211	2.00	-1.3013	0.1544	-11.3903	-0.0771	-0.0156	1.0390	-2.4681	-1.1449	192.5552	51	49
	0.00	0.00	13.16	9.18	-10.74	7.33	7.37	4.449141	-75.199211	2.00	0.6775	-0.4193	-7.9748	0.1040	-0.1064	0.9672	-2.4896	-1.0825	192.3912	46	44
	0.00	0.00	13.25	4.63	-7.21	7.37	7.49	4.449141	-75.199211	2.00	-1.0306	-0.0190	-11.1912	-0.0122	-0.0625	0.4458	-2.4669	-1.2394	191.9370	42	41
	0.00	0.00	13.26	1.81	-4.83	7.32	7.50	4.449141	-75.199211	2.00	0.6374	0.3055	-8.5776	-0.2167	-0.1875	1.3823	-2.4094	-1.1653	191.7664	38	38
	0.00	0.00	13.11	1.63	-4.19	7.17	7.42	4.449141	-75.199211	2.00	-1.4123	-0.0800	-10.6918	-0.0429	-0.0698	0.9707	-2.3711	-1.2282	191.5741	33	36
	0.00	0.00	13.27	2.60	-4.39	7.02	7.28	4.449141	-75.199211	2.00	0.5743	-0.6012	-8.6963	-0.0673	-0.0341	0.9882	-2.3842	-1.0297	191.3529	30	35
	0.00	0.00	13.20	2.75	-4.14	6.94	7.04	4.449141	-75.199211	2.00	-0.9113	-0.0574	-10.3465	0.0917	0.1972	0.1884	-2.3653	-1.2061	191.2059	29	32
	0.00	0.00	13.37	2.02	-3.40	6.92	6.76	4.449141	-75.199211	2.00	-0.2981	0.7900	-9.1542	0.0952	-0.1401	1.1879	-2.3306	-1.1089	190.2663	31	30
	0.00	0.00	13.18	0.94	-2.69	6.94	6.60	4.449141	-75.199211	2.00	-0.5727	-0.5591	-10.3088	0.0380	0.2055	0.6269	-2.3400	-0.8935	190.1362	32	26
	0.00	0.00	13.34	-0.07	-2.46	6.99	6.65	4.449141	-75.199211	2.00	0.1391	-0.5355	-8.5838	0.0458	-0.4414	1.3701	-2.3708	-0.8904	189.8691	29	22
	0.00	0.00	13.19	-0.75	-2.66	7.04	6.79	4.449137	-75.199211	2.00	-0.8326	-0.3524	-10.5055	0.0083	-0.0747	0.6142	-2.4406	-0.9076	189.7043	25	17
	0.00	0.00	13.22	-1.21	-2.70	7.02	6.90	4.449137	-75.199211	2.00	-0.5374	0.3324	-9.0669	-0.1459	-0.2011	1.1074	-2.4421	-0.9807	189.6192	20	13
	0.00	0.00	13.27	-1.43	-2.64	6.90	6.91	4.449137	-75.199211	2.00	-0.0848	0.6448	-10.0852	-0.2509	-0.1879	1.0859	-2.4617	-0.9678	189.1168	16	11
	0.00	0.00	13.22	-1.34	-2.83	6.66	6.83	4.449137	-75.199211	2.00	-1.4865	0.8331	-9.8290	0.0893	-0.2993	1.3066	-2.4886	-1.3565	188.8938	14	12
	0.00	0.00	13.12	-1.26	-2.90	6.37	6.68	4.449137	-75.199211	2.00	-0.1239	0.0197	-9.9252	-0.0473	-0.2236	1.2050	-2.4097	-1.3712	188.6866	14	15
	0.00	0.00	13.27	-1.32	-2.61	6.12	6.49	4.449137	-75.199211	2.00	-1.3044	-0.7894	-9.6237	0.1435	-0.3554	1.2934	-2.5160	-1.5131	188.5896	15	19
	0.00	0.00	13.18	-1.39	-2.34	5.95	6.28	4.449137	-75.199211	2.00	-0.4010	-0.0557	-9.8162	0.1308	-0.1040	0.9858	-2.5433	-1.4545	188.4645	17	22
	0.00	0.00	13.15	-1.26	-2.60	5.87	6.10	4.449137	-75.199211	2.00	-0.6087	-0.8276	-9.4821	0.0834	-0.1772	1.1816	-2.5116	-1.4746	187.6732	19	23
	0.00	0.00	13.30	-0.91	-3.12	5.81	5.96	4.449137	-75.199211	2.00	-0.4184	-1.1131	-9.9435	0.0766	-0.2451	1.1035	-2.4278	-1.3915	187.4957	21	24
	0.00	0.00	13.20	-0.70	-3.17	5.76	5.86	4.449137	-75.199211	2.00	-0.2025	-0.6398	-9.4678	0.0844	-0.1816	1.0815	-2.4024	-1.3793	187.3833	23	26
	0.00	0.00	13.09	-0.49	-3.18	5.70	5.78	4.449137	-75.199211	2.00	-0.3682	-0.5581	-10.2020	0.1171	-0.3598	0.8105	-2.3321	-1.3670	187.2893	25	28
	0.00	0.00	13.23	-0.07	-3.63	5.59	5.70	4.449137	-75.199211	2.00	-0.2269	-0.6488	-9.7075	-0.1567	-0.1547	1.1782	-2.3225	-1.3374	187.1296	27	31
	0.00	0.00	13.26	0.07	-3.75	5.49	5.62	4.449137	-75.199211	2.00	0.8973	-0.1370	-8.5337	-0.1210	-0.1166	1.2885	-2.3415	-1.3663	186.0516	30	35
	0.00	0.00	13.23	0.20	-3.87	5.42	5.54	4.449137	-75.199211	2.00	-1.2525	0.7521	-10.9604	-0.2270	-0.0917	1.3076	-2.3216	-1.5144	185.9889	33	38
	0.00	0.00	13.33	0.78	-4.94	5.39	5.46	4.449137	-75.199211	2.00	0.6545	0.9821	-8.7151	-0.1313	-0.2817	1.5800	-2.2713	-1.3380	185.8544	36	40
	0.00	0.00	13.16	1.11	-5.94	5.37	5.39	4.449137	-75.199211	2.00	-0.2712	1.1499	-9.6990	0.0883	0.0795	0.3276	-2.3436	-1.3067	185.7286	39	42
	0.00	0.00	13.34	1.02	-5.89	5.34	5.35	4.449137	-75.199211	2.0	0.2983	1.3225	-8.9146	0.0307	0.0434	0.9462	-2.3694	-1.2356	185.6211	42	45
	0.00	0.00	13.23	1.05	-5.54	5.29	5.35	4.449130	-75.199211	2.00	-0.2668	0.3810	-9.6319	-0.0634	0.1142	0.8085	-2.3927	-1.2095	185.0924	45	49
	0.00	0.00	13.11	1.36	-5.82	5.24	5.41	4.449130	-75.199211	2.00	-0.5165	0.6085	-9.4865	-0.0864	-0.3051	1.5493	-2.4229	-1.3326	185.0237	46	52
	0.00	0.00	13.22	1.66	-6.62	5.21	5.52	4.449130	-75.199211	2.00	-0.4842	0.0586	-9.7973	0.1264	0.2446	0.1176	-2.4140	-1.2101	184.9351	46	55
	0.00	0.00	13.20	1.75	-7.54	5.23	5.70	4.449130	-75.199211	2.00	0.2097	-0.9163	-10.5508	-0.1562	0.2558	1.3139	-2.4308	-1.2217	184.8476	44	57
	0.00	0.00	13.19	2.11	-8.87	5.27	5.91	4.449130	-75.199211	2.00	-0.5201	-0.2117	-9.7078	-0.1376	-0.1157	1.4770	-2.4581	-1.3507	184.7791	41	58
	0.00	0.00	13.14	2.74	-10.27	5.29	6.04	4.449130	-75.199211	2.00	1.0276	-0.1795	-9.6785	0.0112	-0.1791	1.0537	-2.3647	-1.3334	183.2942	38	60
	0.00	0.00	13.12	2.78	-11.11	5.30	5.98	4.449130	-75.199211	2.00	-0.6326	-0.7727	-10.5887	-0.0053	-0.1171	0.7875	-2.2975	-1.5061	183.1993	39	62
	0.00	0.00	13.05	2.16	-12.00	5.32	5.81	4.449130	-75.199211	2.00	1.0448	-0.2703	-8.9779	0.0263	-0.1401	1.1269	-2.3640	-1.4212	183.1565	43	64
	0.00	0.00	13.19	1.72	-13.22	5.37	5.66	4.449130	-75.199211	2.00	0.1684	0.3130	-10.1714	0.0229	-0.0961	0.7270	-2.3471	-1.4862	183.1254	47	64
	0.00	0.00	13.02	1.64	-14.00	5.46	5.60	4.449130	-75.199211	2.00	0.7735	-0.3139	-9.1838	-0.0322	-0.0205	0.7285	-2.3798	-1.3880	183.0312	50	64
	0.00	0.00	13.12	1.57	-14.07	5.57	5.64	4.449130	-75.199211	2.00	0.2729	0.2975	-10.4138	0.2265	-0.0859	0.3041	-2.3668	-1.3840	180.6116	50	64
	0.00	0.00	13.22	1.80	-13.98	5.67	5.74	4.449130	-75.199211	2.00	0.7364	-0.0347	-9.1263	0.0615	0.0532	0.6840	-2.2475	-1.3731	180.4621	50	64
	0.00	0.00	13.26	2.69	-13.96	5.75	5.87	4.449130	-75.199211	2.00	0.0648	-0.9854	-10.5477	-0.1928	0.1948	0.6254	-2.1450	-1.3905	180.3194	48	64
	0.00	0.00	13.23	3.51	-13.53	5.82	6.00	4.449130	-75.199211	2.00	-0.0822	-0.4629	-9.5472	0.0976	-0.0019	0.6293	-2.1837	-1.3630	180.1724	45	64
	0.00	0.00	13.11	3.19	-12.46	5.89	6.13	4.449130	-75.199211	2.00	-0.5055	0.2567	-10.5171	-0.0209	-0.1352	1.2324	-2.2033	-1.3637	180.1082	43	64
	0.00	0.00	13.02	2.69	-11.63	6.00	6.23	4.449130	-75.199211	2.00	-0.4066	0.2989	-9.4981	0.0781	-0.3149	1.3198	-2.1576	-1.2440	179.2205	41	63
	0.00	0.00	13.19	3.39	-11.64	6.12	6.28	4.449120	-75.199195	2.00	-0.1820	-0.4444	-9.7143	-0.0854	0.0434	0.5361	-2.1669	-1.1698	179.1335	38	61
	0.00	0.00	13.09	4.20	-11.65	6.23	6.29	4.449120	-75.199195	2.00	0.6348	0.1710	-8.6092	-0.0561	-0.3422	1.7055	-2.2018	-1.0895	178.9646	36	58
	0.00	0.00	13.08	3.73	-10.81	6.31	6.24	4.449120	-75.199195	2.00	0.2011	-0.0114	-10.0300	0.3315	-0.0463	0.2031	-2.2723	-1.1915	178.8229	37	56
	0.00	0.00	13.15	2.97	-9.74	6.39	6.13	4.449120	-75.199195	2.00	0.3103	0.1987	-8.7102	0.0039	-0.4428	1.5727	-2.2603	-1.3173	178.7209	38	54
	0.00	0.00	13.18	3.38	-9.61	6.48	5.99	4.449120	-75.199195	2.00	0.3158	-0.4308	-9.9253	-0.0161	-0.0185	0.2817	-2.2532	-1.2465	177.1116	40	51
	0.00	0.00	13.23	4.16	-9.81	6.57	5.94	4.449120	-75.199195	2.00	-0.6462	-0.1891	-9.6079	-0.0869	-0.1416	1.1572	-2.2790	-1.3319	177.0429	41	48
	0.00	0.00	13.07	3.79	-8.73	6.61	6.04	4.449120	-75.199195	2.00	-0.3548	0.1937	-9.9759	-0.1137	-0.0268	0.9770	-2.2427	-1.3020	176.8497	39	45
	0.00	0.00	13.16	2.92	-7.06	6.57	6.20	4.449120	-75.199195	2.00	-0.5890	-0.2481	-9.6009	0.0991	0.0693	0.7402	-2.3067	-1.3079	176.6912	37	45
	0.00	0.00	13.07	2.51	-6.00	6.48	6.32	4.449120	-75.199195	2.00	-0.5900	0.7716	-9.8092	0.2070	-0.0815	0.9238	-2.3502	-1.3130	176.5151	34	45
	0.00	0.00	13.14	1.89	-4.94	6.40	6.39	4.449120	-75.199195	2.00	-0.0544	-0.1709	-8.9965	-0.1201	-0.0883	1.0385	-2.3269	-1.2819	172.8998	32	46
	0.00	0.00	13.18	0.92	-4.01	6.34	6.41	4.449120	-75.199195	2.00	-0.0801	-0.2673	-10.0359	0.1406	-0.2099	1.1870	-2.3178	-1.3407	172.7857	31	46
	0.00	0.00	13.27	0.51	-4.53	6.28	6.39	4.449120	-75.199195	2.00	0.1131	0.1582	-9.0375	-0.0947	-0.0908	1.2709	-2.2269	-1.3786	172.6737	30	46
	0.00	0.00	13.07	0.75	-5.98	6.20	6.36	4.449120	-75.199195	2.00	0.0705	-0.4614	-9.9667	0.2089	0.2167	0.0698	-2.1336	-1.4371	172.5396	29	45
	0.00	0.00	13.27	0.75	-6.33	6.12	6.35	4.449120	-75.199195	2.00	-0.3741	-0.1542	-9.7967	0.0678	0.0131	0.5419	-2.1817	-1.5610	172.3986	27	45
	0.00	0.00	13.12	0.35	-5.86	6.04	6.33	4.449120	-75.199195	2.00	-0.4606	0.5473	-9.7655	0.0903	0.0043	0.6650	-2.2484	-1.5198	169.1674	27	47
	0.00	0.00	13.27	-0.05	-6.21	6.00	6.30	4.449120	-75.199195	2.00	-0.4563	0.7256	-10.0092	-0.0185	0.1171	0.6015	-2.2273	-1.3720	169.0533	26	47
	0.00	0.00	13.27	-0.53	-6.84	6.00	6.26	4.449120	-75.199195	2.00	-0.4307	0.5960	-9.6357	-0.0292	-0.2241	0.5473	-2.1641	-1.3017	168.8780	26	47
	0.00	0.00	13.18	-1.02	-6.39	6.02	6.22	4.449113	-75.199203	2.00	-0.0821	0.5680	-9.3422	-0.1254	-0.2866	1.7348	-2.1437	-1.1968	168.7641	26	47
	0.00	0.00	13.08	-1.33	-5.51	6.04	6.19	4.449113	-75.199203	2.00	-0.7612	0.4299	-10.1603	0.1425	0.0742	0.2705	-2.1529	-1.1949	168.6975	26	47
	0.00	0.00	13.09	-1.29	-5.89	6.06	6.16	4.449113	-75.199203	2.00	-0.4318	0.3609	-9.3042	0.1054	0.2133	0.7705	-2.1790	-1.1664	165.6410	26	46
	0.00	0.00	13.11	-0.94	-7.07	6.08	6.13	4.449113	-75.199203	2.00	-0.9038	0.1000	-10.2170	-0.1250	-0.1557	1.1484	-2.1937	-1.1306	165.5590	26	44
	0.00	0.00	13.18	-0.75	-7.10	6.08	6.07	4.449113	-75.199203	2.00	-0.1736	-0.1852	-9.2197	0.2182	-0.2304	0.7099	-2.3042	-1.0908	165.4668	26	44
	0.00	0.00	13.07	-0.78	-6.45	6.05	5.99	4.449113	-75.199203	2.00	-0.4437	0.4685	-9.4327	0.0458	0.1850	0.2270	-2.3014	-1.1557	165.3616	28	45
	0.00	0.00	13.20	-0.79	-6.34	5.98	5.90	4.449113	-75.199203	2.00	-0.4463	-0.3172	-9.8593	-0.0942	-0.4506	1.3784	-2.3665	-1.3196	165.2113	29	46
	0.00	0.00	13.23	-0.87	-5.98	5.87	5.80	4.449113	-75.199203	2.00	-0.0997	0.2112	-8.8913	0.1240	-0.1083	0.6367	-2.4219	-1.2661	162.2121	32	49
	0.00	0.00	13.15	-0.93	-5.47	5.75	5.71	4.449113	-75.199203	2.00	-0.6655	0.3883	-9.8853	0.1357	-0.1577	0.8105	-2.3622	-1.3199	162.0229	34	52
	0.00	0.00	13.23	-0.71	-6.17	5.65	5.65	4.449113	-75.199203	2.00	0.1030	-0.4481	-8.9156	0.1459	0.0249	0.3754	-2.2724	-1.1749	161.9503	36	54
	0.00	0.00	13.23	-0.40	-7.47	5.59	5.61	4.449113	-75.199203	2.00	0.0646	-0.1437	-9.4572	-0.0112	-0.3217	1.4116	-2.3625	-1.1980	161.9309	38	56
	0.00	0.00	13.08	-0.42	-7.65	5.56	5.62	4.449113	-75.199203	2.00	-0.1743	1.3638	-9.5171	-0.0473	-0.1289	1.1586	-2.3208	-1.1440	161.8462	40	58
	0.00	0.00	13.15	-0.61	-7.13	5.54	5.68	4.449113	-75.199203	2.00	0.4484	0.3665	-9.4177	0.1513	-0.2011	1.0810	-2.3413	-1.0120	159.0933	40	60
	0.00	0.00	13.22	-0.34	-8.00	5.52	5.75	4.449113	-75.199203	2.00	0.1687	0.6076	-9.8492	0.1025	-0.0532	0.5361	-2.4042	-1.0423	159.0438	40	62
	0.00	0.00	13.12	0.35	-10.11	5.51	5.82	4.449113	-75.199203	2.00	0.3851	1.0535	-9.1556	-0.1826	-0.0024	1.4277	-2.4289	-1.0788	158.9985	39	62
	0.00	0.00	13.15	0.58	-11.12	5.52	5.84	4.449113	-75.199203	2.00	0.0685	0.3982	-9.7614	-0.3583	-0.1440	1.5463	-2.3494	-1.2248	158.8992	39	63
	0.00	0.00	13.04	0.45	-11.16	5.57	5.84	4.449113	-75.199203	2.00	0.2425	0.3675	-9.2975	-0.3066	-0.2304	1.8417	-2.3209	-1.2469	158.7694	40	64
	0.00	0.00	13.18	0.59	-12.36	5.64	5.82	4.449099	-75.199195	2.00	-0.2207	0.4865	-10.0817	0.1264	-0.1264	1.0410	-2.3563	-1.1353	156.2420	41	63
	0.00	0.00	13.29	0.78	-14.04	5.74	5.81	4.449099	-75.199195	2.00	0.4916	0.1460	-8.9385	0.0458	0.0556	0.7158	-2.3606	-1.0344	156.1850	41	62
	0.00	0.00	13.07	0.70	-13.90	5.83	5.85	4.449099	-75.199195	2.00	0.1760	-0.3028	-9.7641	0.2817	-0.0908	0.5312	-2.4586	-0.9369	156.0451	41	61
	0.00	0.00	13.19	0.37	-12.17	5.91	5.95	4.449099	-75.199195	2.00	-0.2190	0.2224	-9.7345	0.0141	-0.0932	1.4887	-2.4879	-1.1433	155.9591	40	62
	0.00	0.00	13.19	0.17	-10.67	5.99	6.05	4.449099	-75.199195	2.00	0.0541	-0.7533	-9.7062	0.1455	0.3061	-0.1601	-2.4527	-0.9879	155.8907	39	61
	0.00	0.00	13.12	0.46	-9.62	6.10	6.12	4.449099	-75.199195	2.00	-0.3019	-0.8807	-9.9417	0.2700	-0.0312	0.5087	-2.5325	-1.0513	153.4986	37	60
	0.00	0.00	13.08	0.80	-8.76	6.20	6.16	4.449099	-75.199195	2.00	0.0627	0.0780	-9.8117	0.0156	0.1191	0.8505	-2.5644	-1.0574	153.3530	36	59
	0.00	0.00	13.07	0.63	-8.73	6.25	6.17	4.449099	-75.199195	2.00	-0.5783	-0.6446	-10.4559	-0.1127	-0.1416	1.0268	-2.5749	-1.1735	153.2278	35	57
	0.00	0.00	13.23	0.33	-9.48	6.24	6.15	4.449099	-75.199195	2.00	-0.3363	-0.2868	-9.2655	0.2617	-0.0922	0.7451	-2.6412	-1.2833	153.1048	35	55
	0.00	0.00	13.09	0.47	-9.88	6.21	6.13	4.449099	-75.199195	2.00	-0.2000	0.2494	-10.0874	-0.1650	0.0156	0.6796	-2.5965	-1.1415	152.9621	35	55
	0.00	0.00	13.11	0.71	-9.60	6.19	6.12	4.449099	-75.199195	2.00	-0.4752	-0.0795	-9.5234	0.1137	-0.0839	0.6250	-2.5810	-1.1636	150.7557	34	55
	0.00	0.00	13.27	0.48	-9.10	6.18	6.13	4.449099	-75.199195	2.00	0.3500	1.0122	-9.5845	0.1787	-0.0888	1.0029	-2.5990	-1.1530	150.6235	34	54
	0.00	0.00	13.04	0.23	-8.62	6.15	6.16	4.449099	-75.199195	2.00	-0.2739	1.3535	-9.3989	0.0097	-0.2143	0.5244	-2.5105	-1.2302	150.5381	33	55
	0.00	0.00	13.32	0.64	-8.40	6.10	6.18	4.449099	-75.199195	2.00	0.1973	0.4655	-9.6485	0.1953	-0.1987	0.5068	-2.4367	-1.2409	150.4514	31	55
	0.00	0.00	13.04	1.13	-8.16	6.03	6.19	4.449099	-75.199195	2.00	0.0867	0.7095	-9.2724	0.2031	-0.0371	0.5371	-2.4652	-1.2736	150.3106	30	56
	0.00	0.00	13.23	1.01	-7.77	5.96	6.20	4.449099	-75.199195	2.00	0.1041	0.5988	-9.4813	0.3974	-0.0180	-0.1044	-2.4842	-1.2773	148.2796	29	58
	0.00	0.00	13.29	0.79	-7.85	5.93	6.18	4.449087	-75.199188	2.00	0.2657	-0.0741	-9.5753	0.2309	-0.1777	0.4467	-2.5010	-1.2690	148.2001	29	59
	0.00	0.00	13.09	0.87	-8.13	5.93	6.15	4.449087	-75.199188	2.00	-0.4972	-0.1497	-9.8584	-0.0878	-0.2348	1.3027	-2.4880	-1.1100	148.1193	29	59
	0.00	0.00	13.04	0.71	-7.99	5.96	6.13	4.449087	-75.199188	2.00	0.3073	-0.7083	-9.7608	-0.0781	-0.4013	1.1831	-2.4712	-1.0039	148.0142	29	58
	0.00	0.00	13.14	0.67	-8.09	5.98	6.14	4.449087	-75.199188	2.00	-0.3676	-0.7443	-9.9570	-0.0664	0.0219	0.8144	-2.5613	-1.0173	147.9374	28	58
	0.00	0.00	13.29	1.64	-8.86	6.01	6.15	4.449087	-75.199188	2.00	-0.5043	0.1279	-10.3269	-0.0512	-0.2543	1.4375	-2.5644	-1.1358	145.9949	27	57
	0.00	0.00	13.18	2.77	-9.46	6.02	6.14	4.449087	-75.199188	2.00	-0.4125	-0.9192	-9.9860	-0.1752	-0.2768	1.5039	-2.5494	-0.9785	145.9200	25	56
	0.00	0.00	13.27	2.78	-9.00	6.03	6.12	4.449087	-75.199188	2.00	-0.3004	-0.4588	-9.8336	0.1738	-0.4404	1.3808	-2.6577	-1.0472	145.8749	25	56
	0.00	0.00	13.16	2.12	-8.22	6.04	6.06	4.449087	-75.199188	2.00	-0.6373	0.5810	-10.2941	0.0341	0.0107	1.0888	-2.6210	-1.1184	145.7867	26	57
	0.00	0.00	13.12	2.02	-8.48	6.05	5.99	4.449087	-75.199188	2.00	-0.8032	-0.5808	-10.5367	-0.0546	0.1171	0.6665	-2.5636	-1.2172	145.6891	27	56
	0.00	0.00	13.19	2.39	-8.89	6.04	5.91	4.449087	-75.199188	2.00	-0.5021	0.0275	-9.5045	-0.0117	-0.2197	1.5249	-2.6219	-1.2061	143.8837	29	56
	0.00	0.00	13.09	2.16	-8.22	5.99	5.86	4.449087	-75.199188	2.00	-0.4368	0.5513	-10.0944	-0.1123	-0.0898	1.2592	-2.5544	-1.0762	143.7546	30	57
	0.00	0.00	13.11	1.78	-7.60	5.90	5.83	4.449087	-75.199188	2.00	-0.4069	-0.5109	-9.3735	-0.0927	0.1191	0.9458	-2.4650	-1.1651	143.6484	32	59
	0.00	0.00	13.36	2.36	-8.19	5.83	5.84	4.449087	-75.199188	2.00	-0.3183	0.1455	-9.9846	0.0209	-0.1201	1.0366	-2.5322	-1.1983	143.6131	32	61
	0.00	0.00	13.12	3.19	-9.12	5.77	5.89	4.449087	-75.199188	2.00	-0.6904	0.7068	-10.0768	-0.2622	-0.0590	1.4008	-2.4724	-1.1478	143.5506	31	62
	0.00	0.00	13.08	2.96	-9.56	5.74	5.95	4.449087	-75.199188	2.00	0.1070	-0.1390	-9.4710	-0.2041	-0.5034	1.7055	-2.3311	-1.1646	141.8001	30	63
	0.00	0.00	13.29	2.18	-10.28	5.73	5.97	4.449087	-75.199188	2.00	-0.4983	0.2037	-9.7973	0.1943	0.0532	-0.0288	-2.2500	-1.2271	141.7206	31	64
	0.00	0.00	13.25	1.71	-11.15	5.74	5.97	4.449087	-75.199188	2.00	-0.2735	0.6526	-9.1644	0.3066	-0.0786	0.3535	-2.2679	-1.3975	141.7565	31	64
	0.00	0.00	13.12	1.14	-10.84	5.76	5.97	4.449069	-75.199165	2.00	-0.0424	0.5438	-9.8132	0.1416	-0.0429	0.4384	-2.2513	-1.4039	141.7004	32	65
	0.00	0.00	13.15	0.47	-10.13	5.79	5.99	4.449069	-75.199165	2.00	-0.4505	0.3311	-9.5259	-0.0488	-0.4907	1.2133	-2.2411	-1.4520	141.5516	32	66
	0.00	0.00	13.22	0.43	-10.88	5.84	6.03	4.449069	-75.199165	2.00	1.0286	0.3102	-8.9972	0.0815	-0.1757	1.2666	-2.2941	-1.3132	139.9963	31	65
	0.00	0.00	13.09	0.85	-12.12	5.94	6.07	4.449069	-75.199165	2.00	-0.3256	0.2435	-9.7855	0.1606	0.1689	0.0634	-2.2870	-1.4334	140.0025	30	63
	0.00	0.00	13.23	0.89	-11.96	6.04	6.13	4.449069	-75.199165	2.00	0.8155	-0.0532	-9.2542	0.1826	-0.0825	0.7802	-2.2229	-1.5211	139.8712	29	61
	0.00	0.00	13.01	0.44	-11.21	6.12	6.19	4.449069	-75.199165	2.00	-0.2251	-0.3641	-9.3078	-0.0654	-0.2387	1.7573	-2.2167	-1.4658	139.7286	27	60
	0.00	0.00	13.29	0.04	-11.53	6.21	6.23	4.449069	-75.199165	2.0	0.8556	-0.3842	-9.4198	-0.0571	0.0493	0.6767	-2.3155	-1.4036	139.6863	26	57
	0.00	0.00	13.23	-0.14	-11.94	6.29	6.24	4.449069	-75.199165	2.00	-0.2463	0.0470	-9.5172	0.1728	-0.2138	0.5903	-2.3909	-1.5611	138.1894	25	55
	0.00	0.00	13.34	-0.35	-10.55	6.31	6.20	4.449069	-75.199165	2.00	-0.1561	-0.5949	-10.6020	0.0937	0.1464	0.3164	-2.4142	-1.5888	138.0444	25	54
	0.00	0.00	13.15	-0.66	-8.65	6.27	6.15	4.449069	-75.199165	2.00	-0.5616	-0.2032	-9.3152	-0.1323	-0.1611	1.3588	-2.4322	-1.6475	137.8179	25	55
	0.00	0.00	13.22	-0.66	-8.47	6.19	6.12	4.449069	-75.199165	2.00	-0.8093	0.3201	-10.6086	0.0615	-0.2373	1.1425	-2.3871	-1.5322	137.6727	25	56
	0.00	0.00	13.23	-0.06	-9.30	6.13	6.11	4.449069	-75.199165	2.00	-0.5428	-0.1297	-9.1669	-0.0244	-0.2954	0.9682	-2.3617	-1.5387	137.5989	25	56
	0.00	0.00	13.22	0.54	-9.38	6.10	6.11	4.449069	-75.199165	2.00	-0.1607	0.3085	-9.4826	0.0288	-0.1523	1.2753	-2.4356	-1.4333	136.2325	24	56
	0.00	0.00	13.30	0.49	-9.04	6.06	6.13	4.449069	-75.199165	2.00	-0.8080	0.7888	-9.9123	-0.0708	0.0390	1.2836	-2.4162	-1.4172	136.1245	23	56
	0.00	0.00	13.16	0.28	-9.39	6.00	6.16	4.449069	-75.199165	2.00	-0.0364	0.2069	-9.2194	-0.2451	-0.3305	1.8002	-2.3453	-1.3776	136.0112	22	57
	0.00	0.00	13.29	0.36	-9.55	5.93	6.16	4.449069	-75.199165	2.00	-0.4860	0.0709	-9.7224	-0.1660	-0.3095	1.6801	-2.3153	-1.5590	135.9526	21	58
	0.00	0.00	13.07	0.23	-9.19	5.87	6.13	4.449069	-75.199165	2.0	-0.3412	0.1566	-9.1289	-0.3281	-0.4218	1.6684	-2.2868	-1.6047	135.8871	21	60
	0.00	0.00	13.22	-0.26	-10.05	5.83	6.10	4.449053	-75.199142	2.00	-0.0627	-0.1067	-9.7566	-0.0278	-0.4125	1.4462	-2.2732	-1.5395	134.6127	22	61
	0.00	0.00	13.26	-0.60	-11.79	5.82	6.07	4.449053	-75.199142	2.00	-0.6089	-0.5533	-9.6262	0.1259	0.1142	0.3432	-2.3495	-1.4015	134.5701	22	60
	0.00	0.00	13.36	-0.33	-12.25	5.83	6.06	4.449053	-75.199142	2.00	0.9110	-0.3672	-9.0419	0.2778	0.1059	0.5004	-2.4011	-1.1471	134.4893	22	60
	0.00	0.00	13.16	0.24	-11.73	5.87	6.05	4.449053	-75.199142	2.00	-0.0729	-0.2747	-9.8065	0.1396	-0.0585	0.4877	-2.4268	-1.1488	134.3962	22	61
	0.00	0.00	13.26	0.37	-11.98	5.91	6.06	4.449053	-75.199142	2.00	0.7968	-0.2836	-8.9295	-0.0932	-0.0761	1.5747	-2.3698	-1.2169	133.1503	21	60
	0.00	0.00	13.19	0.41	-12.91	5.94	6.05	4.449053	-75.199142	2.00	-0.0482	-0.5005	-10.0258	0.2661	0.1962	0.3779	-2.3477	-1.3472	133.0866	21	59
	0.00	0.00	13.30	0.79	-12.75	5.97	6.03	4.449053	-75.199142	2.00	0.5691	-0.3182	-9.2539	-0.0053	0.1904	0.8564	-2.3957	-1.4334	133.0140	21	59
	0.00	0.00	13.02	0.88	-11.24	6.01	5.98	4.449053	-75.199142	2.00	-0.3139	-0.2242	-10.0384	0.2270	-0.1875	0.5966	-2.4612	-1.6194	132.9344	22	59
	0.00	0.00	13.04	0.40	-10.44	6.05	5.92	4.449053	-75.199142	2.00	-0.1901	-0.3491	-10.0311	-0.0405	-0.2685	1.2778	-2.5686	-1.6532	132.8511	23	59
	0.00	0.00	13.29	0.05	-10.85	6.10	5.86	4.449053	-75.199142	2.00	0.1892	0.1732	-9.3841	-0.0585	0.0654	0.7832	-2.5967	-1.6807	131.8693	25	58
	0.00	0.00	13.20	0.11	-11.05	6.11	5.82	4.449053	-75.199142	2.00	-0.3008	-0.4629	-9.8595	-0.0332	-0.0659	1.1391	-2.5529	-1.6409	131.6933	26	57
	0.00	0.00	13.18	0.06	-10.78	6.05	5.81	4.449053	-75.199142	2.00	0.1792	-0.6487	-9.9719	0.1987	-0.3833	1.1376	-2.5059	-1.5628	131.5231	27	58
	0.00	0.00	13.19	0.14	-10.60	5.95	5.83	4.449053	-75.199142	2.00	0.0390	-0.1454	-9.5985	0.0385	0.0517	0.6601	-2.5104	-1.4226	131.4440	28	60
	0.00	0.00	13.26	1.19	-10.71	5.84	5.88	4.449053	-75.199142	2.00	-0.3225	0.1835	-10.7918	0.0883	-0.0698	0.5483	-2.5025	-1.4929	131.3961	26	62
	0.00	0.00	13.11	2.41	-11.10	5.78	5.94	4.449053	-75.199142	2.00	0.1034	0.3905	-9.2813	-0.3496	-0.3212	1.9218	-2.4480	-1.4221	130.9614	25	64
	0.00	0.00	13.32	2.49	-11.71	5.75	5.98	4.449053	-75.199142	2.00	-0.4457	0.2724	-10.5506	-0.1752	-0.1997	1.0874	-2.3994	-1.5267	130.9115	24	65
	0.00	0.00	13.16	1.71	-12.70	5.72	5.98	4.449053	-75.199142	2.00	-0.2619	0.3650	-9.3058	-0.0908	-0.1650	1.0366	-2.4432	-1.5113	130.9070	25	65
	0.00	0.00	13.15	0.93	-13.63	5.70	5.97	4.449046	-75.199134	2.00	0.0858	0.8973	-10.0411	0.0278	-0.1132	1.2871	-2.4717	-1.3159	130.8642	26	66
	0.00	0.00	13.08	0.32	-13.84	5.71	5.99	4.449046	-75.199134	2.00	-0.4467	0.6091	-9.8194	0.0463	-0.2099	1.1572	-2.4324	-1.3525	130.8002	26	67
	0.00	0.00	13.16	-0.28	-14.16	5.78	6.02	4.449046	-75.199134	2.00	0.1503	0.3722	-9.2230	0.1582	-0.2719	0.8852	-2.4626	-1.0823	130.0379	26	66
	0.00	0.00	13.15	-0.42	-15.16	5.91	6.07	4.449046	-75.199134	2.00	-0.3393	0.6833	-10.2927	-0.0859	0.2211	0.7949	-2.5039	-1.0569	129.9571	25	64
	0.00	0.00	13.12	0.38	-15.76	6.07	6.11	4.449046	-75.199134	2.00	0.2542	0.2140	-8.6283	0.1010	-0.2656	1.4682	-2.5621	-1.1221	129.8511	23	61
	0.00	0.00	13.32	1.29	-15.00	6.19	6.14	4.449046	-75.199134	2.00	-0.6126	0.1264	-10.3436	0.0771	0.1499	0.3886	-2.5495	-1.2494	129.7424	22	59
	0.00	0.00	13.08	1.32	-13.46	6.27	6.17	4.449046	-75.199134	2.00	-0.2254	0.0717	-9.2035	0.0053	-0.4404	1.1240	-2.5439	-1.4690	129.6741	20	58
	0.00	0.00	13.27	0.67	-12.61	6.29	6.15	4.449046	-75.199134	2.00	-0.1808	-0.3387	-9.7424	-0.1191	-0.0537	1.4594	-2.5774	-1.5258	129.0964	21	57
	0.00	0.00	13.23	-0.12	-12.13	6.30	6.11	4.449046	-75.199134	2.00	-0.9169	-0.4521	-10.7022	0.1333	-0.0532	0.3666	-2.7129	-1.7094	129.0092	21	56
	0.00	0.00	13.25	-0.73	-10.66	6.28	6.04	4.449046	-75.199134	2.00	0.1491	-0.0313	-9.2594	-0.0004	-0.2519	1.1093	-2.9409	-1.9643	128.9086	23	56
	0.00	0.00	13.19	-1.07	-9.27	6.21	5.97	4.449046	-75.199134	2.00	-0.7914	0.2456	-9.9818	-0.0068	-0.0966	0.7231	-2.9389	-1.9791	128.7222	24	58
	0.00	0.00	13.16	-0.95	-9.54	6.10	5.94	4.449046	-75.199134	2.00	0.0053	-0.6756	-10.0462	-0.1303	-0.0546	1.2031	-2.8000	-1.8746	128.5746	25	59
	0.00	0.00	13.09	-0.36	-10.08	6.01	5.94	4.449046	-75.199134	2.00	-0.0514	-0.7222	-9.2536	0.1240	0.0209	0.4711	-2.7640	-1.6344	128.0340	25	60
	0.00	0.00	13.05	-0.03	-9.61	5.92	5.97	4.449046	-75.199134	2.00	-0.0989	-0.1480	-10.6945	-0.0761	-0.2309	1.2285	-2.7882	-1.7593	128.0030	24	62
	0.00	0.00	13.25	-0.16	-9.39	5.84	6.01	4.449046	-75.199134	2.00	-0.0097	-0.4280	-9.0772	-0.0273	0.0961	0.6889	-2.8090	-1.6672	127.9048	24	64
	0.00	0.00	13.23	-0.04	-10.37	5.78	6.06	4.449046	-75.199134	2.00	0.1449	0.4471	-10.2061	0.1108	0.2832	0.1708	-2.9758	-1.5630	127.8860	22	65
	0.00	0.00	13.08	0.40	-11.45	5.77	6.08	4.449041	-75.199134	2.00	0.0922	1.4170	-9.3738	-0.0122	-0.0283	0.8608	-2.9522	-1.7004	127.9174	21	65
	0.00	0.00	13.00	0.45	-11.72	5.81	6.08	4.449041	-75.199134	2.00	0.2159	0.1739	-9.5859	-0.2177	0.1333	1.6040	-2.7844	-1.5560	127.5320	21	65
	0.00	0.00	13.08	-0.04	-12.27	5.85	6.09	4.449041	-75.199134	2.00	-0.1665	0.4599	-9.5368	0.0717	-0.0307	0.6621	-2.6949	-1.5252	127.4672	21	64
	0.00	0.00	13.16	-0.33	-13.51	5.88	6.11	4.449041	-75.199134	2.00	0.3626	0.7917	-8.7250	0.2280	0.1225	0.2319	-2.7267	-1.2321	127.4748	20	64
	0.00	0.00	13.16	-0.10	-13.88	5.93	6.12	4.449041	-75.199134	2.00	-0.1052	0.7611	-10.2286	0.1962	-0.0454	0.6245	-2.8297	-1.2878	127.4561	20	63
	0.00	0.00	13.18	0.01	-12.71	6.02	6.13	4.449041	-75.199134	2.00	0.1784	0.0040	-9.4670	0.0805	0.1577	0.4902	-2.8920	-1.3316	127.4043	19	62
	0.00	0.00	13.34	-0.27	-11.61	6.11	6.14	4.449041	-75.199134	2.00	-0.5200	0.4836	-10.9063	0.0341	-0.2714	1.3398	-2.8551	-1.2936	126.4719	18	61
	0.00	0.00	13.20	-0.60	-10.99	6.15	6.15	4.449041	-75.199134	2.00	-0.1817	0.0677	-8.7682	-0.0854	0.1132	1.1801	-2.7800	-1.2937	126.3852	18	61
	0.00	0.00	13.33	-0.89	-9.35	6.13	6.14	4.449041	-75.199134	2.00	-0.8779	0.0109	-10.6374	0.1562	-0.0336	0.2158	-2.7474	-1.4362	126.2699	18	62
	0.00	0.00	13.18	-1.13	-7.83	6.11	6.09	4.449041	-75.199134	2.00	-0.2129	-0.4948	-9.3882	-0.0498	-0.4077	1.5800	-2.8313	-1.4262	126.1568	18	63
	0.00	0.00	13.19	-1.30	-8.79	6.11	6.03	4.449041	-75.199134	2.00	-0.3049	-0.4026	-10.1106	0.0649	-0.1064	0.5957	-2.8940	-1.3295	126.0951	19	61
	0.00	0.00	13.22	-1.40	-10.74	6.12	5.97	4.449041	-75.199134	2.00	-0.0700	-0.7225	-9.4406	0.0742	-0.3369	1.5820	-2.9102	-1.3794	125.1615	20	59
	0.00	0.00	13.12	-1.45	-11.03	6.11	5.94	4.449041	-75.199134	2.00	-0.2721	-0.9143	-10.0421	-0.1279	-0.1533	1.5336	-2.9026	-1.4416	125.0209	21	59
	0.00	0.00	13.19	-1.51	-10.26	6.05	5.92	4.449041	-75.199134	2.00	-0.6334	-0.5094	-9.8130	-0.1152	-0.2260	1.3315	-2.8870	-1.5500	124.8782	22	60
	0.00	0.00	13.27	-1.48	-10.31	5.94	5.94	4.449041	-75.199134	2.00	0.0701	-0.6733	-10.0695	-0.2050	-0.2929	1.2104	-2.8586	-1.5527	124.8359	22	62
	0.00	0.00	13.25	-1.31	-10.71	5.87	5.99	4.449041	-75.199134	2.00	-0.2427	-0.2425	-9.5847	-0.0166	0.2548	0.6787	-2.8385	-1.4731	124.8069	21	63
	0.00	0.00	13.33	-1.22	-10.12	5.85	6.04	4.449041	-75.199134	2.00	-0.8199	-0.0308	-10.5028	-0.0439	-0.4814	1.1943	-2.7817	-1.4713	124.4917	20	65
	0.00	0.00	13.16	-1.23	-9.74	5.82	6.06	4.449035	-75.199127	2.00	-0.0619	-0.0670	-9.1490	-0.0639	-0.2861	1.5297	-2.8156	-1.5183	124.4858	19	66
	0.00	0.00	13.25	-1.27	-11.21	5.76	6.04	4.449035	-75.199127	2.00	0.3335	0.6430	-9.6728	-0.3325	-0.2241	1.9819	-2.8855	-1.3081	124.5036	20	67
	0.00	0.00	13.29	-1.31	-13.15	5.73	6.03	4.449035	-75.199127	2.00	0.6318	0.5634	-9.4799	-0.1064	0.2436	0.7807	-2.8372	-1.2227	124.5043	20	67
	0.00	0.00	13.27	-1.36	-13.48	5.75	6.03	4.449035	-75.199127	2.00	0.3073	-0.7937	-9.6351	-0.1381	0.0927	1.4746	-2.7775	-1.0836	124.4487	20	67
	0.00	0.00	13.23	-1.44	-13.18	5.79	6.05	4.449035	-75.199127	2.00	0.2580	0.7059	-10.0797	0.0419	-0.0820	0.5297	-2.7848	-1.1601	124.2144	19	68
	0.00	0.00	13.19	-1.34	-13.61	5.85	6.05	4.449035	-75.199127	2.00	-0.0312	0.9651	-8.9579	-0.1210	-0.1557	1.1845	-2.7914	-1.2426	124.1995	19	67
	0.00	0.00	13.12	-0.96	-13.63	5.93	6.07	4.449035	-75.199127	2.00	-0.3859	0.7239	-10.5349	-0.0444	0.2104	0.9018	-2.7453	-1.3226	124.1895	18	66
	0.00	0.00	12.95	-0.73	-12.96	6.01	6.10	4.449035	-75.199127	2.00	-0.1665	0.4430	-9.1743	0.1577	-0.2460	0.7543	-2.7313	-1.2823	124.1179	17	65
	0.00	0.00	13.09	-0.82	-13.03	6.08	6.12	4.449035	-75.199127	2.00	-0.5695	0.3807	-10.1482	0.2426	0.0390	0.0610	-2.7434	-1.3196	124.0587	16	64
	0.00	0.00	13.25	-0.80	-13.62	6.14	6.13	4.449035	-75.199127	2.00	-0.2213	0.0405	-9.4814	-0.1484	-0.3784	1.2958	-2.7509	-1.2599	123.7374	16	62
	0.00	0.00	13.23	-0.52	-13.04	6.19	6.11	4.449035	-75.199127	2.00	-0.4982	-0.5192	-10.0149	0.2211	-0.0332	0.5156	-2.8292	-1.2645	123.6371	15	61
	0.00	0.00	13.05	-0.42	-11.48	6.21	6.09	4.449035	-75.199127	2.00	-0.4401	-0.2743	-9.5031	0.3027	-0.0195	0.3671	-2.8858	-1.2841	123.4913	15	61
	0.00	0.00	13.26	-0.65	-11.16	6.18	6.07	4.449035	-75.199127	2.00	-0.0872	-0.4898	-9.9453	0.0605	0.0336	0.6230	-2.8097	-1.2245	123.3290	15	61
	0.00	0.00	13.27	-0.73	-12.21	6.13	6.06	4.449035	-75.199127	2.00	-0.8369	-1.0109	-10.0034	-0.1972	-0.0932	1.2968	-2.7947	-1.3293	123.2702	15	60
	0.00	0.00	13.14	-0.42	-12.18	6.07	6.06	4.449035	-75.199127	2.00	-0.2409	0.8411	-10.0309	0.0205	0.1035	0.3779	-2.8125	-1.2489	123.0231	15	61
	0.00	0.00	13.09	-0.26	-10.62	5.99	6.08	4.449035	-75.199127	2.00	-0.3346	-0.2399	-9.4511	-0.0068	-0.1430	0.4838	-2.7932	-1.2399	122.9456	14	64
	0.00	0.00	13.15	-0.45	-9.82	5.91	6.10	4.449028	-75.199119	2.00	-0.2130	-0.4148	-10.3673	0.3115	-0.0429	-0.0493	-2.8756	-1.2229	122.8530	13	66
	0.00	0.00	13.14	-0.67	-10.65	5.82	6.08	4.449028	-75.199119	2.00	0.6992	0.9546	-8.3247	0.1523	-0.4970	1.0737	-2.9531	-1.2937	122.8627	14	67
	0.00	0.00	13.11	-0.80	-11.63	5.76	6.04	4.449028	-75.199119	2.00	-0.2410	0.8078	-10.6095	-0.0815	-0.0410	1.1245	-2.8434	-1.3241	122.9205	14	68
	0.00	0.00	13.23	-1.01	-12.55	5.74	6.00	4.449028	-75.199119	2.00	0.1366	0.0570	-9.8770	-0.1489	0.1831	0.8715	-2.6900	-1.1756	122.7101	15	69
	0.00	0.00	13.18	-1.31	-14.23	5.75	5.98	4.449028	-75.199119	2.0	0.6725	0.2424	-8.5595	-0.2597	-0.1455	1.4228	-2.7039	-1.0632	122.7249	16	68
	0.00	0.00	13.30	-1.43	-15.64	5.80	5.98	4.449028	-75.199119	2.00	-0.2875	0.3157	-10.7503	-0.0654	-0.1430	0.9477	-2.8173	-1.0278	122.8064	16	67
	0.00	0.00	13.08	-1.36	-15.90	5.88	5.96	4.449028	-75.199119	2.00	0.3622	1.1418	-9.0076	-0.0703	-0.0815	0.9033	-2.9676	-1.0246	122.8313	16	67
	0.00	0.00	13.16	-1.36	-16.17	5.97	5.97	4.449028	-75.199119	2.00	-0.5508	1.2520	-10.0704	-0.2382	0.0742	1.4443	-2.8105	-1.0545	122.7972	16	65
	0.00	0.00	13.05	-1.32	-16.83	6.06	6.01	4.449028	-75.199119	2.00	0.2944	-0.1445	-10.0684	-0.2128	-0.0693	1.5546	-2.5929	-0.7687	122.5966	15	63
	0.00	0.00	13.27	-1.03	-16.61	6.11	6.05	4.449028	-75.199119	2.00	-0.3992	-0.2423	-9.5839	-0.1821	-0.3320	1.5356	-2.4912	-1.1144	122.5409	14	62
	0.00	0.00	13.30	-0.68	-14.92	6.12	6.04	4.449028	-75.199119	2.00	-0.6726	-0.0866	-9.9751	-0.1411	0.0473	1.3940	-2.5561	-1.2833	122.5119	14	63
	0.00	0.00	13.19	-0.52	-13.19	6.13	6.02	4.449028	-75.199119	2.00	0.0343	0.2878	-9.8853	-0.0449	-0.3427	1.4223	-2.6519	-1.3477	122.4281	14	63
	0.00	0.00	13.27	-0.36	-12.65	6.14	5.98	4.449028	-75.199119	2.00	-0.7521	0.5875	-9.2495	-0.0371	-0.2778	1.4492	-2.6683	-1.5061	122.3547	15	63
	0.00	0.00	13.32	-0.10	-12.23	6.14	5.95	4.449028	-75.199119	2.00	0.4928	-0.2841	-9.6129	0.0917	-0.1616	0.7294	-2.5255	-1.5131	121.8368	15	63
	0.00	0.00	12.98	-0.10	-11.67	6.10	5.93	4.449028	-75.199119	2.00	-0.4183	0.0735	-9.3343	0.1040	0.2109	0.4648	-2.3809	-1.6923	121.6545	16	63
	0.00	0.00	13.12	-0.47	-11.78	6.04	5.95	4.449028	-75.199119	2.00	-0.0829	0.5516	-10.5393	0.0390	0.3320	0.5615	-2.3736	-1.7127	121.5807	16	64
	0.00	0.00	13.20	-0.67	-12.09	6.00	6.00	4.449028	-75.199119	2.00	-0.3274	-0.0903	-10.5025	-0.1235	0.0571	0.9531	-2.3742	-1.6354	121.5970	15	64
	0.00	0.00	13.23	-0.47	-11.96	5.98	6.07	4.449020	-75.199111	2.00	0.1718	-0.7215	-9.0664	-0.0034	-0.0449	0.6430	-2.3604	-1.6116	121.5843	14	65
	0.00	0.00	13.19	-0.36	-11.53	5.96	6.11	4.449020	-75.199111	2.00	-0.5921	-0.9712	-10.0351	0.2011	-0.2700	0.5874	-2.3896	-1.7144	121.3005	13	66
	0.00	0.00	13.15	-0.54	-11.60	5.93	6.12	4.449020	-75.199111	2.00	0.0165	-0.4054	-9.3382	0.1972	-0.0258	0.3061	-2.4419	-1.5943	121.2516	12	66
	0.00	0.00	13.19	-0.58	-12.39	5.90	6.12	4.449020	-75.199111	2.00	0.2438	-0.3465	-9.8158	0.1503	0.0742	0.2661	-2.4532	-1.5433	121.2285	12	67
