	0.00	0.00	13.12	-1.54	-1.43	-0.01	-0.01	4.449122	-75.199218	2.00	-0.1580	0.0400	-9.6662	0.0000	0.0000	0.0000	-0.7243	-0.6107	52.5403	0	0
	0.00	0.00	13.23	-1.52	-1.46	-0.01	-0.01	4.449122	-75.199218	2.00	-0.1711	0.0446	-9.6215	0.0000	0.0470	0.0470	-0.7223	-0.6112	52.5411	31	31
	0.00	0.00	13.09	-1.01	-2.08	-0.01	-0.36	4.449122	-75.199218	2.00	-0.1602	0.0282	-9.6640	0.0000	28.1827	28.1827	-0.7233	-0.6087	52.5380	48	41
	0.00	0.00	13.22	0.70	-4.85	-0.14	-0.07	4.449122	-75.199218	2.00	1.0665	-0.0844	-9.7916	0.0000	47.7510	46.1025	-0.7513	-0.4688	52.9262	60	61
	0.00	0.00	12.79	4.36	-11.17	-0.05	0.52	4.449122	-75.199218	2.00	3.8847	0.8832	-8.3836	0.0000	71.8661	65.5469	-0.8502	-0.3302	52.9094	62	77
	0.00	0.00	12.54	9.92	-20.57	0.12	1.12	4.449122	-75.199218	2.00	1.9299	0.7266	-11.1433	0.0000	80.7585	87.9732	-0.7272	-0.0037	52.3637	74	88
	0.00	0.00	12.48	16.38	-31.02	0.50	1.58	4.449122	-75.199218	2.00	3.6247	-0.6170	-9.3510	0.0000	90.8738	103.4231	-0.7150	0.1838	52.5195	84	100
	0.00	0.00	12.66	23.15	-40.83	1.16	2.04	4.449122	-75.199218	2.00	3.1292	-0.0530	-10.6611	0.0000	101.1151	119.0474	-0.7462	0.4020	52.9195	93	100
	0.00	0.00	12.39	28.90	-48.36	2.06	2.64	4.449122	-75.199218	2.00	4.3692	-0.1163	-8.9253	0.0000	111.3584	125.3254	-0.7587	0.6480	52.8136	97	100
	0.00	0.00	12.50	32.34	-51.97	3.10	3.43	4.449122	-75.199218	2.00	2.9964	0.0368	-10.0538	0.0000	118.8009	127.7201	-0.7921	0.4884	52.6667	97	100
	0.00	0.00	12.75	33.49	-51.36	4.19	4.37	4.449122	-75.199218	2.00	2.7303	0.6879	-9.4255	0.0000	122.0114	128.6648	-0.7669	0.4817	52.6138	94	100
	0.00	0.00	12.65	32.18	-47.62	5.23	5.37	4.449122	-75.199218	2.00	2.0911	-0.0751	-9.7969	0.0000	120.9801	128.3712	-0.7591	0.6130	52.5603	90	100
	0.00	0.00	12.71	28.42	-42.42	6.18	6.31	4.449122	-75.199218	2.00	2.3087	0.0415	-8.4015	0.0000	116.4533	126.7945	-0.7298	0.5681	52.5473	86	98
	0.00	0.00	12.90	22.88	-36.89	6.97	7.12	4.449122	-75.199218	2.00	0.6555	0.0625	-10.1097	0.0000	109.8026	123.5899	-0.6304	0.4864	52.0688	82	93
	0.00	0.00	13.01	16.95	-31.47	7.59	7.78	4.449122	-75.199218	2.00	0.7800	-0.2982	-9.7957	0.0000	102.6628	115.3982	-0.6599	0.3181	51.9861	78	91
	0.00	0.00	12.93	12.22	-26.52	8.11	8.28	4.449119	-75.199218	2.00	0.1946	-0.2149	-9.7587	0.0000	95.5682	109.5091	-0.6692	0.4476	51.8490	75	87
	0.00	0.00	13.07	8.81	-21.99	8.59	8.67	4.449119	-75.199218	2.00	-0.4506	0.0548	-10.0841	0.0000	88.9021	103.7381	-0.6878	0.4460	51.7836	71	82
	0.00	0.00	12.86	6.40	-17.84	9.00	8.99	4.449119	-75.199218	2.00	0.8673	-0.7878	-8.9035	0.0000	82.9697	96.9564	-0.6157	0.6051	51.7277	67	77
	0.00	0.00	13.16	5.39	-14.73	9.25	9.21	4.449119	-75.199218	2.00	-0.6185	-0.5998	-9.9206	0.0000	76.9242	89.6544	-0.7524	0.4013	51.1652	63	73
	0.00	0.00	13.08	5.25	-12.48	9.37	9.32	4.449119	-75.199218	2.00	0.6167	0.4427	-9.8052	0.0000	71.0295	83.0142	-0.9058	0.4753	51.0579	61	71
	0.00	0.00	13.12	4.68	-10.10	9.42	9.33	4.449119	-75.199218	2.00	-0.7361	0.1662	-8.9583	0.0000	66.3209	78.3137	-0.9208	0.2255	50.8345	59	68
	0.00	0.00	13.02	3.31	-7.51	9.38	9.28	4.449119	-75.199218	2.00	-0.3583	-0.7643	-10.3338	0.0000	62.6822	74.2335	-0.9411	0.2208	50.7261	58	67
	0.00	0.00	13.14	2.10	-5.83	9.27	9.23	4.449119	-75.199218	2.00	-0.5045	0.2162	-9.8629	0.0000	60.0678	70.7504	-1.0028	0.3985	50.3329	56	66
	0.00	0.00	13.14	1.99	-5.59	9.17	9.20	4.449119	-75.199218	2.00	0.9706	0.2908	-8.3883	0.0000	57.8235	68.8297	-0.9666	0.5731	50.2540	53	64
	0.00	0.00	13.18	2.36	-5.75	9.08	9.16	4.449119	-75.199218	2.00	-0.9738	-0.5123	-10.7465	0.0000	55.2499	67.4223	-0.8922	0.2696	50.1194	51	63
	0.00	0.00	13.15	2.24	-5.48	8.96	9.08	4.449119	-75.199218	2.00	0.2850	-0.1865	-9.2530	0.0000	52.6527	65.5770	-0.9182	0.2905	49.8728	50	62
	0.00	0.00	13.02	1.48	-5.20	8.82	8.93	4.449119	-75.199218	2.00	-1.2938	0.4416	-10.9463	0.0000	50.6887	64.2961	-0.9148	0.1693	49.6231	50	62
	0.00	0.00	13.01	0.88	-5.49	8.72	8.70	4.449119	-75.199218	2.00	0.0190	-0.2667	-7.9947	0.0000	49.7046	63.9015	-0.8038	0.4129	49.4275	52	61
	0.00	0.00	13.16	1.05	-5.83	8.68	8.51	4.449119	-75.199218	2.00	-0.3029	-0.4219	-10.8525	0.0000	50.2246	63.5992	-0.9196	0.4576	49.3623	52	59
	0.00	0.00	13.19	1.22	-5.45	8.70	8.45	4.449119	-75.199218	2.00	0.1323	0.2444	-8.8722	0.0000	51.8018	62.5219	-1.0082	0.3739	49.2412	50	57
	0.00	0.00	13.08	0.89	-4.96	8.72	8.52	4.449119	-75.199218	2.00	-0.3605	0.1365	-9.8684	0.0000	51.9100	60.7924	-1.0324	0.4344	49.0364	47	55
	0.00	0.00	13.15	0.72	-5.31	8.74	8.60	4.449119	-75.199218	2.00	-1.4804	-0.4009	-10.9102	0.0000	50.1604	58.5187	-1.1966	-0.3733	48.8701	45	54
	0.00	0.00	13.07	0.95	-5.76	8.73	8.65	4.449106	-75.199211	2.00	0.4932	0.3914	-7.9662	0.0000	47.3158	56.6561	-1.2581	-0.1945	48.7495	44	52
	0.00	0.00	13.16	0.85	-5.38	8.70	8.64	4.449106	-75.199211	2.00	-0.7238	0.1610	-10.9316	0.0000	45.1967	54.6823	-1.3642	-0.0365	48.5029	43	52
	0.00	0.00	12.94	0.72	-4.91	8.65	8.62	4.449106	-75.199211	2.00	-0.0103	0.5431	-8.3627	0.0000	43.4023	53.3631	-1.2546	-0.0639	48.2893	42	51
	0.00	0.00	13.22	1.25	-5.05	8.58	8.61	4.449106	-75.199211	2.00	-0.3159	-0.4347	-9.3545	0.0000	42.3834	52.2116	-1.3341	0.1853	48.1302	41	50
	0.00	0.00	13.09	1.70	-5.12	8.49	8.61	4.449106	-75.199211	2.00	-0.1397	0.4077	-10.6034	0.0000	40.9960	51.4843	-1.4422	0.0939	48.0814	39	50
	0.00	0.00	13.20	1.33	-4.52	8.39	8.61	4.449106	-75.199211	2.00	-0.7239	0.3552	-8.7959	0.0000	39.5150	51.2040	-1.4180	-0.1431	47.8836	38	51
	0.00	0.00	12.95	0.91	-3.98	8.26	8.56	4.449106	-75.199211	2.00	-0.7913	-0.1047	-11.0529	0.0000	37.9992	51.3460	-1.3542	-0.1479	47.7777	38	51
	0.00	0.00	13.12	1.27	-4.30	8.17	8.48	4.449106	-75.199211	2.00	-0.4045	-0.1064	-8.7595	0.0000	36.7620	51.8866	-1.3140	-0.0527	47.6004	38	52
	0.00	0.00	13.15	1.77	-4.75	8.19	8.43	4.449106	-75.199211	2.00	-0.5029	-0.4968	-10.7906	0.0000	36.5943	53.0063	-1.4502	0.1299	47.5482	37	50
	0.00	0.00	13.15	1.53	-4.43	8.20	8.39	4.449106	-75.199211	2.00	1.1811	1.3481	-7.0926	0.0000	36.4035	52.8462	-1.4760	-0.0168	47.4892	36	49
	0.00	0.00	13.14	1.01	-3.99	8.14	8.32	4.449106	-75.199211	2.00	-2.0857	-0.0927	-12.3659	0.0000	35.6578	51.4455	-1.4105	-0.2017	47.3557	37	50
	0.00	0.00	13.11	1.07	-4.28	8.06	8.21	4.449106	-75.199211	2.00	0.5388	-0.3786	-8.3520	0.0000	35.4386	51.6069	-1.4253	-0.2267	47.3894	38	51
	0.00	0.00	13.20	1.38	-4.69	8.03	8.10	4.449106	-75.199211	2.00	-1.0509	0.5112	-9.9441	0.0000	36.0205	52.5821	-1.4254	-0.0275	47.2438	39	51
	0.00	0.00	13.11	1.10	-4.41	7.99	7.99	4.449106	-75.199211	2.00	0.1295	-0.2122	-9.0629	0.0000	37.1615	53.1644	-1.5678	-0.0632	47.1390	39	51
	0.00	0.00	13.20	0.72	-4.09	7.92	7.91	4.449106	-75.199211	2.00	-0.1282	0.9944	-9.2339	0.0000	38.2635	53.1450	-1.5027	0.2180	46.9173	40	53
	0.00	0.00	13.22	0.79	-4.28	7.84	7.87	4.449106	-75.199211	2.00	0.1048	0.1858	-10.2891	0.0000	39.6375	54.1130	-1.4561	0.2847	46.7769	40	54
	0.00	0.00	13.22	0.67	-4.20	7.79	7.87	4.449094	-75.199211	2.00	-0.3057	0.0378	-8.9291	0.0000	40.4897	55.4415	-1.3083	0.0927	46.6884	40	54
	0.00	0.00	13.14	0.16	-4.20	7.73	7.86	4.449094	-75.199211	2.00	-0.2038	0.2546	-10.1722	0.0000	40.9273	56.7212	-1.1847	-0.1462	46.6366	41	55
	0.00	0.00	13.19	0.14	-5.30	7.59	7.83	4.449094	-75.199211	2.00	-0.6396	-0.4581	-9.6766	0.0000	41.0979	57.7074	-1.1982	-0.3162	46.5333	42	58
	0.00	0.00	13.16	0.95	-6.51	7.45	7.78	4.449094	-75.199211	2.00	-0.7868	0.4501	-10.2982	0.0000	41.8511	59.7288	-1.2439	-0.1695	46.4157	43	61
	0.00	0.00	13.07	1.54	-6.58	7.39	7.74	4.449094	-75.199211	2.00	0.2603	0.0271	-8.8440	0.0000	42.8532	63.1661	-1.2127	-0.1062	46.3111	43	62
	0.00	0.00	13.14	1.52	-6.30	7.42	7.72	4.449094	-75.199211	2.00	-1.0790	-0.5682	-10.6443	0.0000	44.0990	65.7012	-1.1730	-0.0843	46.4065	44	62
	0.00	0.00	13.22	1.80	-6.97	7.47	7.74	4.449094	-75.199211	2.00	0.5855	0.2024	-8.9339	0.0000	45.0427	66.9889	-1.2301	0.1224	46.2226	44	62
	0.00	0.00	13.38	2.34	-7.73	7.48	7.74	4.449094	-75.199211	2.00	-0.8831	0.1394	-10.1699	0.0000	45.6898	67.4915	-1.2450	-0.0676	46.0081	44	63
	0.00	0.00	13.05	2.17	-7.15	7.51	7.71	4.449094	-75.199211	2.00	0.7657	-0.4508	-9.3766	0.0000	45.8995	68.3920	-1.3532	0.0616	45.8412	46	64
	0.00	0.00	13.08	1.81	-6.12	7.60	7.65	4.449094	-75.199211	2.00	-1.4357	0.7939	-10.1807	0.0000	46.9579	69.7539	-1.3817	-0.1212	45.7434	47	63
	0.00	0.00	13.09	2.49	-6.20	7.67	7.60	4.449094	-75.199211	2.00	0.7131	-0.5799	-9.2311	0.0000	48.3455	69.9505	-1.4314	0.1347	45.7569	49	64
	0.00	0.00	12.97	3.39	-6.74	7.66	7.56	4.449094	-75.199211	2.00	-1.0601	-0.1390	-10.4414	0.0000	50.0882	69.4582	-1.6037	0.1056	45.6271	50	65
	0.00	0.00	12.93	3.10	-6.63	7.58	7.58	4.449094	-75.199211	2.00	0.3780	0.5410	-9.7477	0.0000	51.5300	70.0808	-1.5542	0.2323	45.4547	50	68
	0.00	0.00	13.23	2.41	-6.68	7.43	7.64	4.449094	-75.199211	2.00	0.0755	-0.0345	-8.7694	0.0000	52.8242	71.8819	-1.4346	0.3603	45.3174	49	71
	0.00	0.00	13.20	2.55	-7.59	7.29	7.72	4.449094	-75.199211	2.00	-0.0598	0.9574	-10.1305	0.0000	52.9471	74.5832	-1.4268	0.3120	45.2304	49	74
	0.00	0.00	12.98	2.80	-8.51	7.23	7.78	4.449094	-75.199211	2.00	0.8313	-0.4442	-9.2281	0.0000	52.8145	78.3029	-1.3237	0.2798	45.2135	49	75
	0.00	0.00	13.09	2.37	-9.38	7.24	7.79	4.449094	-75.199211	2.00	-1.3459	0.1533	-10.1788	0.0000	52.4764	81.2399	-1.3765	0.1043	45.2179	50	76
	0.00	0.00	13.11	2.22	-10.89	7.27	7.73	4.449083	-75.199211	2.00	1.5604	0.6843	-9.2932	0.0000	52.6412	83.0276	-1.3256	0.3019	45.0932	52	77
	0.00	0.00	13.15	2.85	-12.21	7.34	7.66	4.449083	-75.199211	2.00	-1.3173	-0.5632	-9.8412	0.0000	53.6740	84.3823	-1.2551	0.1143	45.0711	54	77
	0.00	0.00	13.15	3.10	-11.85	7.47	7.65	4.449083	-75.199211	2.00	0.8517	-0.5731	-10.0671	0.0000	55.5703	85.5931	-1.1953	0.4581	45.0397	54	76
	0.00	0.00	13.14	2.99	-10.70	7.63	7.70	4.449083	-75.199211	2.00	0.1953	0.4630	-8.9097	0.0000	56.9185	85.6853	-1.2601	0.0996	44.9502	53	75
	0.00	0.00	13.08	3.81	-10.59	7.73	7.77	4.449083	-75.199211	2.00	-0.6204	0.3021	-10.4904	0.0000	57.1613	84.7659	-1.3298	0.1071	44.8639	53	75
	0.00	0.00	13.23	4.94	-10.94	7.78	7.83	4.449083	-75.199211	2.00	-0.0620	0.0521	-9.0840	0.0000	56.8839	83.7822	-1.3082	0.1047	44.6844	53	76
	0.00	0.00	13.00	4.84	-10.24	7.83	7.90	4.449083	-75.199211	2.00	0.0736	-0.4131	-10.5209	0.0000	56.5635	83.8853	-1.2847	0.2298	44.5369	52	76
	0.00	0.00	13.08	4.11	-9.04	7.89	7.95	4.449083	-75.199211	2.00	-0.5901	0.1343	-9.3367	0.0000	56.2348	83.9214	-1.3740	0.2708	44.5322	52	76
	0.00	0.00	13.04	4.27	-8.99	7.91	8.01	4.449083	-75.199211	2.00	1.0381	0.3970	-9.4095	0.0000	55.5177	83.4958	-1.4183	0.4978	44.3871	52	76
	0.00	0.00	13.12	4.73	-9.66	7.90	8.08	4.449083	-75.199211	2.00	-0.6657	0.3415	-9.7853	0.0000	55.1373	83.1311	-1.2710	0.3505	44.2668	51	77
	0.00	0.00	13.01	4.07	-10.08	7.88	8.16	4.449083	-75.199211	2.00	0.0178	-0.3804	-9.4924	0.0000	54.1147	83.5751	-1.2243	0.3977	44.1900	49	77
	0.00	0.00	13.14	2.93	-10.96	7.88	8.20	4.449083	-75.199211	2.00	0.4944	-0.2146	-10.0945	0.0000	52.9074	84.0837	-1.2166	0.3997	43.9887	49	77
	0.00	0.00	13.09	2.46	-11.84	7.91	8.18	4.449083	-75.199211	2.00	-0.9035	0.2399	-9.3349	0.0000	51.6050	84.5512	-1.2329	0.1331	44.0151	50	77
	0.00	0.00	13.07	2.36	-11.55	7.92	8.09	4.449083	-75.199211	2.00	0.7534	0.0169	-10.0110	0.0000	51.2068	84.5401	-1.1133	0.2855	43.9005	51	77
	0.00	0.00	13.16	1.95	-10.69	7.90	7.98	4.449083	-75.199211	2.00	-0.4261	-0.1638	-8.7188	0.0000	51.6974	84.2883	-1.0916	0.3101	43.8137	52	78
	0.00	0.00	13.07	1.74	-10.56	7.90	7.95	4.449083	-75.199211	2.00	-0.3211	0.1721	-11.3551	0.0000	53.1376	84.7457	-1.2128	0.2223	43.7332	52	78
	0.00	0.00	13.11	2.30	-10.98	7.94	8.00	4.449083	-75.199211	2.00	0.1660	0.7423	-8.0733	0.0000	54.2328	85.3028	-1.2162	0.1072	43.6945	50	77
	0.00	0.00	13.12	2.71	-10.61	7.97	8.06	4.449073	-75.199211	2.00	-0.7794	-0.6711	-11.0923	0.0000	53.7147	85.1034	-1.2813	0.1453	43.6099	49	77
	0.00	0.00	13.02	2.31	-9.61	7.99	8.11	4.449073	-75.199211	2.00	0.4157	0.2127	-9.0378	0.0000	52.6700	84.5513	-1.3031	0.0276	43.3972	49	77
	0.00	0.00	13.11	1.92	-9.54	8.10	8.14	4.449073	-75.199211	2.00	-0.1674	0.0149	-9.5849	0.0000	51.9154	84.4806	-1.3126	0.2714	43.2643	49	75
	0.00	0.00	13.19	1.88	-9.92	8.28	8.17	4.449073	-75.199211	2.00	-0.0534	-0.2305	-9.9997	0.0000	51.1177	83.8214	-1.3522	0.0493	43.1711	48	72
	0.00	0.00	13.15	1.67	-9.31	8.42	8.19	4.449073	-75.199211	2.00	0.0797	0.5280	-9.3590	0.0000	50.5010	81.0395	-1.3367	0.2408	43.0042	48	70
	0.00	0.00	13.07	1.30	-8.42	8.46	8.23	4.449073	-75.199211	2.00	-0.4012	0.0917	-9.6881	0.0000	49.6813	77.9380	-1.2267	0.1174	42.8854	47	70
	0.00	0.00	13.04	1.22	-8.50	8.41	8.27	4.449073	-75.199211	2.00	0.0199	0.1900	-9.4412	0.0000	48.9490	76.0299	-1.1651	0.1127	42.7556	45	71
	0.00	0.00	13.22	1.56	-9.05	8.30	8.31	4.449073	-75.199211	2.00	-0.3456	0.2609	-9.9952	0.0000	47.6659	75.3852	-1.1215	-0.0159	42.6164	45	72
	0.00	0.00	13.07	1.82	-9.17	8.14	8.31	4.449073	-75.199211	2.00	-0.2287	-0.5484	-9.0375	0.0000	46.5500	75.7336	-1.1666	-0.1493	42.5350	44	73
	0.00	0.00	13.14	1.48	-9.31	7.99	8.28	4.449073	-75.199211	2.00	-1.1064	-0.2605	-10.7661	0.0000	45.4431	76.9432	-1.0857	-0.2188	42.3761	44	75
	0.00	0.00	13.20	1.11	-9.81	7.88	8.26	4.449073	-75.199211	2.00	0.2796	-0.9817	-8.7786	0.0000	45.1386	78.9313	-1.1096	-0.0191	42.3411	44	75
	0.00	0.00	13.11	1.31	-9.91	7.86	8.29	4.449073	-75.199211	2.00	-0.2197	0.9528	-10.2862	0.0000	44.9115	80.5402	-1.1498	0.0539	42.2419	43	75
	0.00	0.00	13.01	1.43	-9.69	7.93	8.31	4.449073	-75.199211	2.00	-0.0143	-0.4508	-9.0467	0.0000	44.1436	81.6179	-1.2056	-0.1066	42.1477	42	73
	0.00	0.00	13.07	0.94	-10.17	8.04	8.29	4.449073	-75.199211	2.00	0.3092	-0.1754	-9.5960	0.0000	42.7533	81.2196	-1.2281	0.1542	42.0242	42	72
	0.00	0.00	13.15	0.32	-10.86	8.16	8.23	4.449073	-75.199211	2.00	-0.9551	0.0179	-10.4090	0.0000	42.1669	79.8331	-1.1977	0.0132	41.9297	42	70
	0.00	0.00	12.98	0.16	-10.60	8.29	8.17	4.449073	-75.199211	2.00	0.5099	-0.6849	-8.4987	0.0000	42.1556	78.1666	-1.2545	0.2737	41.8661	43	69
	0.00	0.00	13.04	0.27	-9.92	8.40	8.11	4.449061	-75.199195	2.00	-1.2641	0.2938	-10.1936	0.0000	42.5667	76.1229	-1.2309	-0.0268	41.7232	43	67
	0.00	0.00	13.07	0.10	-9.94	8.42	8.09	4.449061	-75.199195	2.00	0.8291	0.3000	-9.8065	0.0000	42.8486	73.7127	-1.1735	0.1969	41.5765	42	67
	0.00	0.00	13.04	-0.00	-10.40	8.31	8.12	4.449061	-75.199195	2.00	-0.1435	0.7489	-9.3113	0.0000	43.2151	71.8978	-1.0243	-0.0105	41.4027	41	68
	0.00	0.00	13.09	0.46	-10.31	8.15	8.16	4.449061	-75.199195	2.00	-0.0759	0.0251	-10.1889	0.0000	42.7061	71.8619	-1.0121	-0.0816	41.2597	40	70
	0.00	0.00	13.05	0.86	-10.02	8.00	8.16	4.449061	-75.199195	2.00	-0.7507	0.1321	-9.2143	0.0000	41.7034	73.5308	-0.9545	-0.2546	41.2797	41	71
	0.00	0.00	12.95	0.66	-10.60	7.88	8.14	4.449061	-75.199195	2.00	0.0105	-0.1383	-9.6474	0.0000	41.0460	75.2461	-0.9160	-0.2336	41.1940	41	72
	0.00	0.00	13.20	0.33	-11.34	7.79	8.11	4.449061	-75.199195	2.00	-0.9491	-0.1433	-10.3700	0.0000	41.0581	76.9420	-0.8872	-0.2073	41.1155	41	73
	0.00	0.00	13.09	0.24	-11.00	7.76	8.12	4.449061	-75.199195	2.00	0.1100	0.0579	-9.4738	0.0000	41.0383	78.5244	-0.8644	-0.0880	41.0330	40	74
	0.00	0.00	12.98	0.03	-10.51	7.80	8.14	4.449061	-75.199195	2.00	0.3443	-0.2922	-9.2832	0.0000	41.0234	79.7910	-0.8409	-0.1168	40.9936	39	73
	0.00	0.00	13.00	-0.09	-10.84	7.89	8.13	4.449061	-75.199195	2.00	-1.0173	0.1860	-10.3616	0.0000	40.2164	80.0479	-0.8866	-0.2715	40.9259	40	72
	0.00	0.00	13.11	0.53	-11.11	7.98	8.08	4.449061	-75.199195	2.00	0.5276	0.3567	-8.8733	0.0000	39.8135	79.4003	-0.9824	-0.2685	40.7484	40	71
	0.00	0.00	12.87	1.38	-10.96	8.04	8.02	4.449061	-75.199195	2.00	-1.0277	0.3471	-10.9515	0.0000	40.0682	78.2814	-0.9759	-0.4213	40.6009	41	71
	0.00	0.00	13.12	1.45	-11.07	8.08	7.97	4.449061	-75.199195	2.00	0.2327	-0.1115	-8.3038	0.0000	40.7757	77.3976	-0.9413	-0.3721	40.4517	41	70
	0.00	0.00	12.94	1.21	-11.52	8.14	7.94	4.449061	-75.199195	2.00	-0.6515	-0.4921	-10.9815	0.0000	41.4445	76.8012	-1.0302	-0.2523	40.2804	42	69
	0.00	0.00	13.05	1.61	-11.59	8.20	7.96	4.449061	-75.199195	2.00	0.0831	0.7563	-8.7060	0.0000	42.0035	76.0355	-0.9988	-0.1869	40.2184	41	68
	0.00	0.00	13.05	2.04	-11.00	8.16	8.01	4.449061	-75.199195	2.00	0.0048	-0.3007	-9.7864	0.0000	42.1954	74.6957	-0.8510	-0.0738	40.0860	40	69
	0.00	0.00	12.89	1.65	-10.40	8.02	8.06	4.449061	-75.199195	2.00	-0.3170	-0.6139	-10.0212	0.0000	41.5456	73.9721	-0.8991	-0.1691	39.9488	40	72
	0.00	0.00	13.16	1.08	-10.13	7.91	8.10	4.449050	-75.199188	2.00	0.1409	0.2704	-9.2668	0.0000	40.7814	75.3675	-0.9266	-0.1685	39.8158	39	73
	0.00	0.00	13.09	1.37	-9.90	7.86	8.09	4.449050	-75.199188	2.00	-0.7318	0.1218	-10.4115	0.0000	40.0892	77.4693	-0.9399	-0.2949	39.7027	39	72
	0.00	0.00	13.12	2.04	-9.74	7.81	8.07	4.449050	-75.199188	2.00	0.3424	0.4127	-8.4704	0.0000	39.6003	78.3452	-0.8968	-0.0175	39.6581	40	73
	0.00	0.00	12.90	1.92	-10.21	7.72	8.06	4.449050	-75.199188	2.00	-0.4582	0.0527	-10.6100	0.0000	39.9309	79.0700	-0.9800	-0.2038	39.5519	39	75
	0.00	0.00	13.09	1.40	-11.30	7.65	8.07	4.449050	-75.199188	2.00	0.2908	-0.1967	-8.8444	0.0000	39.8893	80.5735	-1.0413	-0.1103	39.5197	39	77
	0.00	0.00	12.97	1.21	-12.07	7.66	8.05	4.449050	-75.199188	2.00	-0.4961	-0.2204	-10.1123	0.0000	39.7001	82.6084	-1.0667	-0.1633	39.4523	39	76
	0.00	0.00	13.09	0.89	-12.24	7.76	8.00	4.449050	-75.199188	2.00	0.4268	-0.0131	-9.4252	0.0000	39.4328	83.7158	-1.1158	-0.2783	39.3413	40	75
	0.00	0.00	12.91	0.42	-12.48	7.87	7.94	4.449050	-75.199188	2.00	-0.9871	0.5450	-10.2571	0.0000	40.0091	83.4582	-1.1064	-0.1345	39.3046	41	74
	0.00	0.00	13.11	0.58	-12.78	7.98	7.90	4.449050	-75.199188	2.00	1.2097	-0.2608	-8.3310	0.0000	40.8397	82.2253	-1.0926	-0.0901	39.1798	41	73
	0.00	0.00	13.01	1.20	-12.39	8.08	7.88	4.449050	-75.199188	2.00	-0.8998	-0.2748	-10.5450	0.0000	41.6785	81.2542	-1.0974	-0.2854	39.1011	42	72
	0.00	0.00	13.08	1.29	-11.17	8.15	7.90	4.449050	-75.199188	2.00	-0.1030	0.3643	-9.5999	0.0000	42.1963	79.8554	-1.0881	0.0086	38.9693	41	71
	0.00	0.00	13.09	1.16	-9.96	8.11	7.98	4.449050	-75.199188	2.00	-0.6876	0.5674	-10.8276	0.0000	42.4800	78.5456	-1.0699	-0.1255	38.7642	40	73
	0.00	0.00	13.16	1.92	-9.44	7.99	8.05	4.449050	-75.199188	2.00	0.6689	0.5111	-8.3616	0.0000	41.9116	77.9899	-1.0466	0.1448	38.6466	39	75
	0.00	0.00	13.05	2.90	-9.28	7.88	8.10	4.449050	-75.199188	2.00	-0.9768	-0.3085	-10.6578	0.0000	40.5902	79.4019	-0.9295	0.1178	38.5578	39	76
	0.00	0.00	13.02	2.78	-9.19	7.83	8.10	4.449050	-75.199188	2.00	0.7751	-0.7681	-8.9899	0.0000	39.9022	81.2437	-0.9222	0.2723	38.4948	39	76
	0.00	0.00	13.04	1.80	-9.57	7.78	8.07	4.449050	-75.199188	2.00	-0.6037	-0.4491	-9.4926	0.0000	39.3056	82.4283	-1.0193	0.2506	38.5062	40	77
	0.00	0.00	13.05	1.17	-10.56	7.75	8.05	4.449040	-75.199188	2.00	0.7896	0.0553	-9.8194	0.0000	39.5331	83.1389	-1.1594	0.1961	38.4882	40	78
	0.00	0.00	12.86	1.13	-11.49	7.77	8.05	4.449040	-75.199188	2.00	-0.7153	0.3852	-9.1757	0.0000	39.8061	84.4419	-1.1033	0.1073	38.4175	39	77
	0.00	0.00	12.97	0.91	-11.99	7.83	8.04	4.449040	-75.199188	2.00	0.3462	-0.6420	-10.2096	0.0000	39.6964	84.9989	-1.1031	0.0824	38.2661	39	77
	0.00	0.00	13.12	0.76	-12.38	7.88	8.00	4.449040	-75.199188	2.00	-0.4046	0.3292	-9.1620	0.0000	39.5296	84.7726	-1.1493	-0.0762	38.1157	40	76
	0.00	0.00	13.14	1.14	-12.22	7.91	7.95	4.449040	-75.199188	2.00	0.0278	0.4721	-10.5302	0.0000	39.8449	84.2985	-1.1976	0.0055	38.0595	41	77
	0.00	0.00	12.98	1.20	-11.06	8.01	7.90	4.449040	-75.199188	2.00	0.1863	-0.0740	-8.6759	0.0000	40.6066	84.1963	-1.2283	0.0699	37.9865	41	75
	0.00	0.00	13.01	0.94	-9.99	8.16	7.89	4.449040	-75.199188	2.00	-0.0284	0.0026	-9.8274	0.0000	41.3723	83.7808	-1.2458	0.1296	37.9319	41	73
	0.00	0.00	13.14	1.13	-10.07	8.26	7.92	4.449040	-75.199188	2.00	-0.5623	0.1300	-9.8373	0.0000	42.0823	81.5726	-1.1731	0.0924	37.8062	41	72
	0.00	0.00	13.14	1.38	-10.31	8.26	8.00	4.449040	-75.199188	2.00	0.2015	0.0638	-9.6838	0.0000	41.9839	79.3013	-1.0869	0.1950	37.6532	39	72
	0.00	0.00	13.05	1.08	-9.32	8.19	8.07	4.449040	-75.199188	2.00	0.1351	-0.2078	-10.0314	0.0000	41.3636	78.3410	-1.0903	0.2268	37.5308	39	74
	0.00	0.00	13.07	0.42	-8.23	8.08	8.09	4.449040	-75.199188	2.00	-0.5059	0.1630	-9.3475	0.0000	40.0659	78.6006	-1.0543	0.0540	37.3979	39	75
	0.00	0.00	13.12	0.21	-8.55	7.97	8.07	4.449040	-75.199188	2.00	0.2540	-0.0838	-9.6288	0.0000	39.4224	79.5040	-1.0489	0.0896	37.3580	39	76
	0.00	0.00	13.11	0.71	-9.24	7.86	8.03	4.449040	-75.199188	2.00	-0.5341	-0.0024	-9.6189	0.0000	39.4579	80.9254	-1.1057	0.1276	37.2816	40	77
	0.00	0.00	12.98	0.93	-9.17	7.75	8.00	4.449040	-75.199188	2.00	0.5325	0.2261	-9.6829	0.0000	39.7882	82.3686	-1.2415	0.1232	37.2055	40	79
	0.00	0.00	13.16	0.93	-9.12	7.67	8.00	4.449040	-75.199188	2.00	-0.5936	0.8059	-9.6006	0.0000	40.2651	84.1930	-1.2353	-0.0147	37.1663	40	80
	0.00	0.00	13.05	1.36	-10.15	7.66	7.99	4.449040	-75.199188	2.00	0.2282	-0.3729	-9.5981	0.0000	40.4022	86.1213	-1.2177	0.0700	37.0935	40	80
	0.00	0.00	13.22	1.54	-11.28	7.69	7.96	4.449040	-75.199188	2.00	0.0238	-0.0401	-9.5616	0.0000	40.2565	87.4103	-1.3125	0.0624	37.0401	41	79
	0.00	0.00	12.93	1.02	-11.11	7.76	7.92	4.449032	-75.199188	2.00	-0.1070	0.5668	-10.0241	0.0000	40.6881	87.7343	-1.3873	0.0456	36.9886	41	79
	0.00	0.00	13.11	0.22	-10.68	7.90	7.89	4.449032	-75.199188	2.00	0.1460	0.0186	-8.9924	0.0000	41.3284	87.8121	-1.3990	0.1717	36.9109	42	77
	0.00	0.00	13.11	-0.51	-10.70	8.11	7.90	4.449032	-75.199188	2.00	-0.0496	0.2928	-10.2908	0.0000	42.0189	86.9054	-1.3249	0.1905	36.8038	41	74
	0.00	0.00	13.18	-1.04	-9.82	8.31	7.97	4.449032	-75.199188	2.00	-0.2468	0.2081	-9.1603	0.0000	42.4055	84.5089	-1.2392	0.1768	36.6275	40	72
	0.00	0.00	13.02	-1.40	-8.54	8.40	8.07	4.449032	-75.199188	2.00	-0.1160	0.0938	-9.9200	0.0000	41.9543	81.1729	-1.1676	0.2085	36.5164	39	71
	0.00	0.00	13.14	-1.37	-8.71	8.37	8.14	4.449032	-75.199188	2.00	-0.1436	-0.1671	-9.8966	0.0000	40.6128	78.5569	-1.1766	0.1601	36.4390	38	72
	0.00	0.00	12.95	-0.91	-9.42	8.26	8.17	4.449032	-75.199188	2.00	-0.2069	-0.1844	-9.5194	0.0000	39.2006	77.7400	-1.1479	0.1522	36.3598	38	74
	0.00	0.00	13.01	-0.61	-8.76	8.12	8.16	4.449032	-75.199188	2.00	-0.6599	-0.0174	-10.3370	0.0000	38.4177	78.1861	-1.1122	-0.0032	36.2402	38	75
	0.00	0.00	12.95	-0.71	-7.62	7.95	8.12	4.449032	-75.199188	2.00	0.1440	-0.5439	-9.0386	0.0000	37.9806	79.4562	-1.0949	0.2457	36.1247	39	77
	0.00	0.00	13.08	-0.97	-7.99	7.81	8.10	4.449032	-75.199188	2.00	-0.1962	0.5678	-10.2815	0.0000	38.0682	81.2179	-1.2003	0.2405	36.0666	38	78
	0.00	0.00	13.15	-1.24	-9.35	7.72	8.09	4.449032	-75.199188	2.00	-0.2528	0.5027	-9.5949	0.0000	38.3472	83.6422	-1.0393	-0.0227	36.0353	38	79
	0.00	0.00	13.08	-1.42	-9.88	7.70	8.05	4.449032	-75.199188	2.00	-0.0071	-1.1255	-9.7142	0.0000	38.0804	85.3989	-0.9901	0.0670	36.0733	39	79
	0.00	0.00	13.05	-1.51	-9.92	7.76	7.98	4.449032	-75.199188	2.00	0.2486	0.7018	-9.2070	0.0000	38.1509	86.6691	-1.2449	-0.2633	36.0657	40	78
	0.00	0.00	13.01	-1.44	-10.95	7.88	7.91	4.449032	-75.199188	2.00	-0.1480	0.8012	-10.1983	0.0000	38.9625	86.8926	-1.3044	-0.2190	36.0151	40	77
	0.00	0.00	13.18	-1.26	-12.16	8.03	7.86	4.449032	-75.199188	2.00	-0.4474	0.3234	-8.5763	0.0000	40.0541	85.9579	-1.1698	-0.3902	35.9000	41	75
	0.00	0.00	13.05	-1.15	-11.83	8.18	7.88	4.449032	-75.199188	2.00	0.7152	-0.2606	-10.7003	0.0000	41.0285	84.2751	-1.0140	-0.1505	35.6750	40	73
	0.00	0.00	13.18	-1.20	-10.63	8.29	7.96	4.449032	-75.199188	2.00	-1.1976	-0.7616	-8.8643	0.0000	41.5712	82.1230	-0.9739	-0.3609	35.4792	39	72
	0.00	0.00	13.04	-1.31	-10.43	8.29	8.06	4.449020	-75.199180	2.00	1.2163	0.4638	-10.1880	0.0000	40.8245	79.9431	-0.9502	0.1463	35.4440	38	73
	0.00	0.00	13.19	-1.34	-10.88	8.21	8.15	4.449020	-75.199180	2.00	-1.1021	0.4162	-9.5826	0.0000	39.5185	78.5962	-0.9590	-0.1802	35.3777	37	74
	0.00	0.00	13.07	-1.23	-10.98	8.11	8.17	4.449020	-75.199180	2.00	0.3394	0.5181	-9.6464	0.0000	38.0967	79.0050	-0.9917	-0.0893	35.2860	37	75
	0.00	0.00	13.08	-1.16	-11.57	8.01	8.16	4.449020	-75.199180	2.0	-1.0220	0.1051	-10.4436	0.0000	36.9626	79.9267	-1.0434	-0.2717	35.1664	37	76
	0.00	0.00	13.07	-0.88	-12.54	7.93	8.14	4.449020	-75.199180	2.00	0.1061	-0.2760	-9.2117	0.0000	36.9388	80.9438	-0.9991	-0.1101	35.0221	37	76
	0.00	0.00	13.18	-0.18	-12.59	7.86	8.13	4.449020	-75.199180	2.00	0.0634	0.3473	-9.5747	0.0000	36.7293	82.1536	-1.0085	-0.2109	34.9884	37	77
	0.00	0.00	13.02	0.34	-11.81	7.82	8.12	4.449020	-75.199180	2.00	-0.7918	-0.2407	-10.2345	0.0000	36.6299	83.1833	-1.0679	-0.1323	34.9643	37	78
	0.00	0.00	12.95	0.25	-11.48	7.84	8.10	4.449020	-75.199180	2.0	-0.3778	0.2155	-9.8656	0.0000	36.3663	84.2977	-1.2093	-0.0996	34.8692	37	77
	0.00	0.00	13.08	-0.17	-12.15	7.89	8.06	4.449020	-75.199180	2.00	-0.2446	-0.3022	-9.8359	0.0000	36.2826	84.7677	-1.2212	-0.0788	34.8332	37	76
	0.00	0.00	12.98	-0.42	-12.84	7.95	8.01	4.449020	-75.199180	2.00	-0.0381	0.0368	-9.5577	0.0000	36.4746	84.3652	-1.2245	-0.0638	34.7238	38	76
	0.00	0.00	13.07	-0.38	-12.09	8.00	7.97	4.449020	-75.199180	2.00	-0.1014	0.2725	-9.3891	0.0000	37.0258	83.8805	-1.1184	-0.0097	34.5872	38	76
	0.00	0.00	12.98	-0.46	-10.31	8.07	7.95	4.449020	-75.199180	2.00	0.0334	-0.1303	-9.9327	0.0000	37.6360	83.2313	-1.1004	-0.0338	34.4745	38	75
	0.00	0.00	13.14	-0.71	-9.45	8.14	8.00	4.449020	-75.199180	2.00	-0.3316	0.5141	-9.3437	0.0000	38.0447	82.5615	-1.0380	0.0071	34.4000	37	74
	0.00	0.00	13.16	-0.69	-9.63	8.16	8.08	4.449020	-75.199180	2.00	0.4592	-0.3336	-9.3576	0.0000	37.9870	81.2674	-0.9508	0.0308	34.3021	35	74
	0.00	0.00	13.12	-0.43	-9.80	8.11	8.11	4.449020	-75.199180	2.00	-0.6661	-0.1607	-9.7727	0.0000	36.6844	80.3103	-0.9662	-0.1347	34.2253	36	75
	0.00	0.00	13.07	-0.41	-10.15	8.01	8.11	4.449020	-75.199180	2.00	0.3521	0.6224	-9.6377	0.0000	35.6565	80.3751	-0.9378	-0.1465	34.1376	36	76
	0.00	0.00	13.01	-0.41	-10.88	7.90	8.09	4.449012	-75.199172	2.00	-0.9122	-0.3238	-10.5378	0.0000	35.5892	81.3777	-0.9668	-0.2036	34.0146	36	77
	0.00	0.00	13.11	0.18	-11.37	7.83	8.07	4.449012	-75.199172	2.00	0.2247	-0.1689	-8.8721	0.0000	35.4406	82.9198	-0.9460	-0.0566	33.9415	36	78
	0.00	0.00	13.07	0.87	-11.83	7.77	8.07	4.449012	-75.199172	2.00	-0.0390	-0.0381	-9.7150	0.0000	35.5864	84.3943	-0.9763	-0.1912	33.8975	36	79
	0.00	0.00	12.90	0.95	-12.94	7.73	8.07	4.449012	-75.199172	2.00	0.0025	-0.3164	-9.6901	0.0000	35.5496	85.3721	-1.0462	-0.0625	33.8731	35	80
	0.00	0.00	13.15	0.86	-14.18	7.73	8.06	4.449012	-75.199172	2.00	-0.6758	-0.1528	-10.4155	0.0000	35.2219	86.7033	-1.1745	-0.1758	33.7662	36	80
	0.00	0.00	12.98	1.31	-14.59	7.80	8.03	4.449012	-75.199172	2.00	0.4527	-0.0209	-9.2333	0.0000	35.1750	87.5466	-1.3861	0.1855	33.6141	36	79
	0.00	0.00	13.04	1.82	-14.17	7.91	7.99	4.449012	-75.199172	2.00	-0.4320	0.9075	-9.7810	0.0000	35.3170	87.6102	-1.3955	0.0671	33.4834	37	77
	0.00	0.00	13.00	1.60	-13.68	8.02	7.96	4.449012	-75.199172	2.00	0.9666	-0.0991	-8.6312	0.0000	35.8091	86.5607	-1.3118	0.3510	33.3611	37	76
	0.00	0.00	12.94	1.20	-13.49	8.13	7.96	4.449012	-75.199172	2.00	-1.0391	-0.1928	-10.9692	0.0000	36.3386	85.2149	-1.3349	0.1454	33.2839	37	75
	0.00	0.00	13.15	1.43	-12.89	8.23	8.00	4.449012	-75.199172	2.00	0.6213	0.1695	-9.0106	0.0000	36.5900	83.7978	-1.3735	0.0852	33.2884	36	74
	0.00	0.00	13.02	1.70	-11.62	8.24	8.05	4.449012	-75.199172	2.00	-0.5149	-0.2091	-9.5924	0.0000	36.3048	82.0329	-1.3577	-0.0616	33.2530	35	74
	0.00	0.00	13.25	1.58	-10.53	8.18	8.08	4.449012	-75.199172	2.00	-0.2773	0.2817	-9.8487	0.0000	35.5050	80.6564	-1.3221	-0.1129	33.2417	35	75
	0.00	0.00	13.02	1.75	-10.13	8.09	8.08	4.449012	-75.199172	2.00	0.2508	0.3623	-8.6785	0.0000	34.8527	80.9572	-1.2011	-0.1545	33.1317	35	76
	0.00	0.00	13.18	2.10	-9.96	7.99	8.07	4.449012	-75.199172	2.00	-0.9975	0.1006	-11.4089	0.0000	34.5650	81.6971	-1.1229	-0.2317	33.0317	35	77
	0.00	0.00	13.05	1.77	-9.40	7.88	8.06	4.449012	-75.199172	2.00	0.3437	-0.2800	-8.1910	0.0000	34.5754	82.7752	-1.1226	-0.1946	33.0151	35	79
	0.00	0.00	13.08	0.98	-8.96	7.79	8.06	4.449012	-75.199172	2.00	-0.3159	-0.3009	-10.8919	0.0000	34.5303	84.2158	-1.1354	-0.2832	33.0269	35	80
	0.00	0.00	13.11	0.77	-9.53	7.73	8.06	4.449012	-75.199172	2.00	-0.0786	0.2212	-8.9678	0.0000	34.4583	85.9285	-1.1313	-0.2927	33.0416	35	80
	0.00	0.00	13.19	1.21	-10.31	7.72	8.04	4.449007	-75.199165	2.00	-0.0483	0.2114	-9.8756	0.0000	34.2405	87.3030	-1.1240	-0.3405	32.9088	35	81
	0.00	0.00	12.93	1.30	-10.56	7.75	8.01	4.449007	-75.199165	2.00	-0.0394	-0.2931	-9.8119	0.0000	34.2204	88.3602	-1.1798	-0.3183	32.7807	35	80
	0.00	0.00	13.20	0.76	-11.09	7.82	7.99	4.449007	-75.199165	2.00	-0.0726	0.3660	-9.4628	0.0000	34.5887	88.6812	-1.1659	-0.2919	32.6678	35	80
	0.00	0.00	13.04	0.36	-11.99	7.95	7.98	4.449007	-75.199165	2.00	0.2732	-0.5624	-9.4842	0.0000	34.9210	88.5344	-1.1841	-0.1852	32.5641	35	78
	0.00	0.00	13.11	0.42	-12.26	8.11	8.02	4.449007	-75.199165	2.00	-0.3570	0.4990	-9.7567	0.0000	35.0645	87.5504	-1.1823	-0.2078	32.4865	35	76
	0.00	0.00	12.89	0.32	-11.37	8.25	8.10	4.449007	-75.199165	2.00	0.0860	0.0378	-9.3794	0.0000	34.9771	85.4347	-1.0759	-0.1429	32.3490	33	74
	0.00	0.00	12.95	-0.16	-10.12	8.32	8.20	4.449007	-75.199165	2.00	-0.0806	-0.3875	-9.4233	0.0000	33.8342	83.0873	-1.0660	-0.1901	32.2264	32	74
	0.00	0.00	13.11	-0.34	-9.47	8.32	8.26	4.449007	-75.199165	2.00	-0.5503	-0.0214	-9.9709	0.0000	32.2839	81.1723	-1.1074	-0.2058	32.1687	31	74
	0.00	0.00	13.07	0.14	-8.98	8.27	8.26	4.449007	-75.199165	2.00	-0.0022	0.0008	-9.2492	0.0000	30.6078	80.2537	-1.1208	-0.2108	32.1203	31	74
	0.00	0.00	13.23	0.57	-8.60	8.18	8.23	4.449007	-75.199165	2.00	-0.4593	0.1610	-10.0623	0.0000	29.8116	80.0401	-1.0615	-0.1739	31.9964	31	75
	0.00	0.00	13.14	0.39	-9.18	8.10	8.19	4.449007	-75.199165	2.00	0.1945	0.1893	-9.1746	0.0000	29.6469	80.4390	-1.1057	-0.1891	31.9114	31	76
	0.00	0.00	13.04	0.06	-10.17	8.02	8.16	4.449007	-75.199165	2.00	-0.8525	0.6874	-10.4618	0.0000	29.5843	81.3469	-1.1060	-0.2356	31.8991	31	76
	0.00	0.00	13.14	-0.00	-10.10	7.98	8.13	4.449007	-75.199165	2.00	0.6137	0.0413	-8.7022	0.0000	29.6319	81.9758	-1.1378	-0.2034	31.8683	31	76
	0.00	0.00	13.18	-0.11	-9.37	7.95	8.08	4.449007	-75.199165	2.00	-0.9020	-0.1915	-10.1784	0.0000	29.5462	82.8634	-1.2055	-0.3101	31.8265	32	76
	0.00	0.00	13.12	-0.48	-9.55	7.92	8.02	4.449007	-75.199165	2.00	0.2896	0.2440	-9.4852	0.0000	29.7587	83.0707	-1.1748	-0.1331	31.7160	32	77
	0.00	0.00	13.26	-0.76	-10.32	7.90	7.96	4.449007	-75.199165	2.00	-0.1971	-0.0034	-9.4100	0.0000	30.4274	83.6418	-1.1250	-0.2442	31.6062	33	77
	0.00	0.00	13.14	-0.77	-10.09	7.91	7.92	4.449002	-75.199157	2.00	0.1250	0.4218	-9.7316	0.0000	31.1783	84.2035	-1.1135	-0.1921	31.5069	33	77
	0.00	0.00	13.15	-0.80	-9.27	7.95	7.93	4.449002	-75.199157	2.00	-0.1287	0.1596	-9.5346	0.0000	31.9591	84.4696	-1.0661	-0.3236	31.4044	33	76
	0.00	0.00	13.05	-0.99	-9.37	8.02	7.99	4.449002	-75.199157	2.00	-0.1675	-0.6172	-9.9068	0.0000	32.2995	84.2218	-0.9291	-0.2928	31.3525	32	76
	0.00	0.00	13.22	-0.90	-10.16	8.11	8.06	4.449002	-75.199157	2.00	-0.1283	-0.5709	-9.5174	0.0000	31.7694	83.5293	-0.8634	-0.4120	31.2452	31	74
	0.00	0.00	13.14	-0.43	-10.37	8.14	8.10	4.449002	-75.199157	2.00	0.1416	0.1403	-9.5735	0.0000	30.7155	82.3011	-0.9272	-0.3304	31.1887	30	74
	0.00	0.00	13.12	-0.19	-10.11	8.09	8.10	4.449002	-75.199157	2.00	-0.0383	0.4399	-9.4377	0.0000	29.8412	81.0442	-0.9557	-0.2625	31.0940	31	75
	0.00	0.00	13.15	-0.39	-10.36	8.01	8.11	4.449002	-75.199157	2.00	-0.3621	0.2328	-9.9008	0.0000	29.4886	81.2124	-0.8879	-0.2433	30.9202	30	77
	0.00	0.00	13.15	-0.55	-10.70	7.93	8.09	4.449002	-75.199157	2.00	0.1597	-0.4292	-9.2469	0.0000	29.4034	82.2067	-0.9654	-0.1738	30.8616	30	77
