	0.00	-4.00	12.86	-2.12	-2.36	0.00	0.00	4.44888	-75.19911	2.00	40.0000	38.0000	0.0000	0.0000	0.0000	-1.3414	0.1829	-0.1219	-0.1015
	-2.00	-6.00	12.44	-1.89	-0.75	0.18	0.25	4.44888	-75.19911	2.00	39.0000	37.0000	0.0000	0.0000	0.0000	-0.4878	-7.1951	-4.3292	-0.1072
	-7.00	-6.00	12.22	-1.25	4.38	0.26	0.17	4.44888	-75.19911	2.00	37.0000	37.0000	0.0000	0.0000	0.0000	-2.6829	2.8048	-0.9146	-0.1094
	-1.00	-7.00	12.21	-0.08	11.44	0.64	0.11	4.44888	-75.19911	2.00	40.0000	37.0000	0.0000	0.0000	0.0000	0.6707	5.3048	9.4512	-0.0880
	-2.00	-9.00	12.75	1.80	17.15	1.04	0.13	4.44888	-75.19911	2.00	39.0000	36.0000	0.0000	0.0000	0.0000	1.2195	-1.9512	0.7926	-0.0773
	0.00	-1.00	12.90	3.98	19.87	1.24	0.25	4.44888	-75.19911	2.00	40.0000	40.0000	0.0000	0.0000	0.0000	-1.8292	1.8902	-3.4146	-0.0711
	1.00	-1.00	12.16	5.96	20.62	1.31	0.47	4.44888	-75.19911	2.00	40.0000	40.0000	0.0000	0.0000	0.0000	-1.1585	0.3048	1.0365	-0.0602
	-2.00	-2.00	12.26	7.49	20.71	1.35	0.76	4.44888	-75.19911	2.00	39.0000	39.0000	0.0000	0.0000	0.0000	-0.1829	2.6829	1.9512	-0.0493
	0.00	-7.00	13.50	8.08	19.98	1.43	1.07	4.44888	-75.19911	2.00	40.0000	37.0000	0.0000	0.0000	0.0000	-2.6829	1.7073	1.6463	-0.0396
	-1.00	-1.00	12.58	7.56	18.25	1.56	1.34	4.44888	-75.19911	2.00	40.0000	40.0000	0.0000	0.0000	0.0000	-1.0365	1.3414	0.8536	-0.0354
	-2.00	-7.00	12.37	6.62	16.41	1.72	1.56	4.44888	-75.19911	2.00	39.0000	37.0000	0.0000	0.0000	0.0000	-1.7682	0.0609	-0.6097	-0.0329
	-3.00	-3.00	12.46	5.92	15.31	1.88	1.73	4.44888	-75.19911	2.00	39.0000	39.0000	0.0000	0.0000	0.0000	-2.3170	0.9756	1.0975	-0.0265
	-2.00	-8.00	12.58	5.23	14.61	2.03	1.87	4.44888	-75.19911	2.00	39.0000	36.0000	0.0000	0.0000	0.0000	0.5487	-0.6097	1.3414	-0.0201
	-6.00	-8.00	12.69	4.21	13.59	2.18	1.97	4.44888	-75.19911	2.00	37.0000	36.0000	0.0000	0.0000	0.0000	1.1585	2.6219	0.9146	-0.0184
	-3.00	-8.00	12.41	3.13	12.33	2.32	2.05	4.44888	-75.19911	2.00	39.0000	36.0000	0.0000	0.0000	0.0000	1.4024	2.9878	2.1951	-0.0153
	-3.00	-7.00	12.75	2.14	10.97	2.43	2.12	4.44888	-75.19911	2.00	39.0000	37.0000	0.0000	0.0000	0.0000	-4.5121	-1.0975	0.0609	-0.0145
	-3.00	-7.00	13.07	1.09	9.34	2.50	2.19	4.44888	-75.19911	2.00	39.0000	37.0000	0.0000	0.0000	0.0000	-4.1463	1.2804	0.5487	-0.0115
	-1.00	-9.00	12.52	0.31	7.99	2.56	2.26	4.44888	-75.19911	2.00	40.0000	36.0000	0.0000	0.0000	0.0000	-3.8414	-0.9756	1.5853	-0.0074
	-6.00	-7.00	12.34	0.17	7.49	2.61	2.31	4.44888	-75.19911	2.00	37.0000	37.0000	0.0000	0.0000	0.0000	-2.1951	1.3414	2.1341	-0.0029
	-7.00	-4.00	13.01	0.34	7.36	2.67	2.33	4.44888	-75.19911	2.00	37.0000	38.0000	0.0000	0.0000	0.0000	-2.8048	3.7195	2.1951	0.0011
	-4.00	-8.00	12.34	0.23	7.02	2.72	2.35	4.44888	-75.19911	2.00	38.0000	36.0000	0.0000	0.0000	0.0000	-1.6463	-0.1829	-0.4878	-0.0000
	-4.00	-6.00	12.51	-0.07	6.72	2.77	2.40	4.44888	-75.19911	2.00	38.0000	37.0000	0.0000	0.0000	0.0000	-2.7439	-0.2439	1.7682	0.0012
	-3.00	-6.00	12.59	-0.16	6.87	2.82	2.50	4.44888	-75.19911	2.00	39.0000	37.0000	0.0000	0.0000	0.0000	-0.7317	1.0975	2.3170	0.0055
	-3.00	-6.00	12.76	-0.14	7.17	2.88	2.58	4.44888	-75.19911	2.00	39.0000	37.0000	0.0000	0.0000	0.0000	-1.4634	1.6463	2.7439	0.0103
	-2.00	-7.00	13.00	-0.35	7.04	2.94	2.64	4.44888	-75.19911	2.00	39.0000	37.0000	0.0000	0.0000	0.0000	-0.3658	0.1219	1.0365	0.0132
	-3.00	-6.00	12.52	-0.66	6.58	3.00	2.66	4.44888	-75.19911	2.00	39.0000	37.0000	0.0000	0.0000	0.0000	-2.6829	-0.1829	1.7682	0.0166
	-3.00	-6.00	12.48	-0.68	6.42	3.05	2.68	4.44888	-75.19911	2.00	39.0000	37.0000	0.0000	0.0000	0.0000	-1.1585	0.6097	1.7682	0.0203
	-3.00	-6.00	12.89	-0.46	6.53	3.11	2.73	4.44888	-75.19911	2.00	39.0000	37.0000	0.0000	0.0000	0.0000	-2.5000	0.4268	1.5853	0.0234
	-3.00	-9.00	12.94	-0.50	6.23	3.17	2.79	4.44888	-75.19911	2.00	39.0000	36.0000	0.0000	0.0000	0.0000	-1.6463	-0.1219	1.3414	0.0237
	-7.00	-9.00	12.64	-0.74	5.66	3.22	2.84	4.44888	-75.19911	2.00	37.0000	36.0000	0.0000	0.0000	0.0000	-2.0731	-2.8048	1.0975	0.0238
	-4.00	-8.00	12.97	-0.73	5.02	3.28	2.89	4.44888	-75.19911	2.00	38.0000	36.0000	0.0000	0.0000	0.0000	-3.7804	0.1829	2.5000	0.0253
	-8.00	-9.00	12.91	-0.56	4.03	3.33	2.94	4.44888	-75.19911	2.00	36.0000	36.0000	0.0000	0.0000	0.0000	-3.7804	-2.7439	1.0975	0.0257
	-4.00	-7.00	12.91	-0.65	3.16	3.37	3.00	4.44888	-75.19911	2.00	38.0000	37.0000	0.0000	0.0000	0.0000	-4.1463	2.6829	1.7682	0.0254
	-4.00	-8.00	12.51	-1.00	2.95	3.40	3.06	4.44888	-75.19911	2.00	38.0000	36.0000	0.0000	0.0000	0.0000	2.9268	-0.1219	1.4634	0.0247
	-7.00	-7.00	12.84	-1.36	3.11	3.44	3.11	4.44888	-75.19911	2.00	37.0000	37.0000	0.0000	0.0000	0.0000	-1.0365	3.9024	2.0121	0.0248
	-4.00	-13.00	12.77	-1.67	3.07	3.47	3.12	4.44888	-75.19911	2.00	38.0000	34.0000	0.0000	0.0000	0.0000	2.8658	0.9146	-0.3048	0.0222
	-7.00	-8.00	12.66	-1.91	2.71	3.48	3.13	4.44888	-75.19911	2.00	37.0000	36.0000	0.0000	0.0000	0.0000	-3.4756	2.9268	1.1585	0.0238
	-7.00	-9.00	12.52	-2.05	2.53	3.49	3.17	4.44888	-75.19911	2.00	37.0000	36.0000	0.0000	0.0000	0.0000	-2.7439	-1.2804	0.3048	0.0244
	-3.00	-11.00	12.71	-2.13	2.61	3.47	3.22	4.44888	-75.19911	2.00	39.0000	35.0000	0.0000	0.0000	0.0000	-0.3048	0.2439	0.0609	0.0250
	-2.00	-7.00	12.75	-2.15	2.41	3.47	3.27	4.44888	-75.19911	2.00	39.0000	37.0000	0.0000	0.0000	0.0000	-2.5609	1.4024	2.7439	0.0278
	-3.00	-8.00	12.76	-2.15	1.97	3.49	3.33	4.44888	-75.19911	2.00	39.0000	36.0000	0.0000	0.0000	0.0000	0.6097	0.5487	2.1951	0.0299
	-2.00	-9.00	12.54	-2.01	2.11	3.53	3.38	4.44888	-75.19911	2.00	39.0000	36.0000	0.0000	0.0000	0.0000	-2.1341	0.5487	0.9146	0.0311
	-7.00	-9.00	12.83	-1.71	2.78	3.57	3.43	4.44888	-75.19911	2.00	37.0000	36.0000	0.0000	0.0000	0.0000	-2.6219	2.3170	0.6707	0.0320
	-3.00	-6.00	12.98	-1.53	2.95	3.61	3.46	4.44888	-75.19911	2.00	39.0000	37.0000	0.0000	0.0000	0.0000	0.6097	0.4268	1.4024	0.0339
	-4.00	-7.00	12.86	-1.58	2.56	3.62	3.46	4.44888	-75.19911	2.00	38.0000	37.0000	0.0000	0.0000	0.0000	-0.6707	0.3658	2.8048	0.0367
	-7.00	-12.00	13.09	-1.53	1.99	3.62	3.44	4.44888	-75.19911	2.00	37.0000	34.0000	0.0000	0.0000	0.0000	2.5609	-1.7073	2.7439	0.0442
	-3.00	-12.00	12.79	-1.22	1.11	3.64	3.44	4.44889	-75.19912	2.00	39.0000	34.0000	0.0000	0.0000	0.0000	-0.9756	2.0121	1.5243	0.0500
	-6.00	-12.00	12.69	-1.01	0.19	3.66	3.43	4.44889	-75.19912	2.00	37.0000	34.0000	0.0000	0.0000	0.0000	-2.0731	0.7317	0.9756	0.0499
	-11.00	-11.00	12.75	-1.12	-0.27	3.66	3.41	4.44889	-75.19912	2.0	35.0000	35.0000	0.0000	0.0000	0.0000	-0.9756	2.3170	0.9756	0.0499
	-6.00	-16.00	12.84	-1.16	-0.43	3.66	3.39	4.44889	-75.19912	2.00	37.0000	32.0000	0.0000	0.0000	0.0000	-2.0121	-0.0609	1.1585	0.0500
	-6.00	-9.00	12.77	-0.86	-0.67	3.66	3.37	4.44889	-75.19912	2.00	37.0000	36.0000	0.0000	0.0000	0.0000	-4.0243	0.1219	3.1097	0.0522
	-3.00	-13.00	12.76	-0.67	-0.87	3.67	3.36	4.44889	-75.19912	2.00	39.0000	34.0000	0.0000	0.0000	0.0000	-0.1219	-1.0975	0.9146	0.0521
	-3.00	-12.00	13.08	-0.84	-0.76	3.67	3.35	4.44889	-75.19912	2.00	39.0000	34.0000	0.0000	0.0000	0.0000	-0.7317	-0.9146	1.9512	0.0531
	-4.00	-9.00	12.77	-0.95	-0.56	3.69	3.34	4.44889	-75.19912	2.00	38.0000	36.0000	0.0000	0.0000	0.0000	-0.4268	2.4390	3.1097	0.0549
	-4.00	-8.00	12.73	-0.78	-0.62	3.71	3.34	4.44889	-75.19912	2.00	38.0000	36.0000	0.0000	0.0000	0.0000	-1.2195	-2.9878	2.9268	0.0577
	-2.00	-12.00	12.73	-0.69	-0.79	3.74	3.35	4.44889	-75.19912	2.00	39.0000	34.0000	0.0000	0.0000	0.0000	-3.0487	0.8536	2.0731	0.0590
	-6.00	-6.00	12.84	-0.92	-0.72	3.76	3.39	4.44889	-75.19912	2.00	37.0000	37.0000	0.0000	0.0000	0.0000	-1.5243	1.4634	0.4268	0.0584
	-6.00	-8.00	12.72	-1.03	-0.38	3.78	3.47	4.44889	-75.19912	2.00	37.0000	36.0000	0.0000	0.0000	0.0000	2.1951	-0.3048	0.1219	0.0575
	-2.00	-6.00	12.75	-0.71	-0.30	3.80	3.52	4.44889	-75.19912	2.00	39.0000	37.0000	0.0000	0.0000	0.0000	-3.6585	-2.0121	2.2560	0.0551
	-2.00	-9.00	12.87	-0.43	-0.55	3.81	3.56	4.44889	-75.19912	2.00	39.0000	36.0000	0.0000	0.0000	0.0000	-1.6463	0.4878	1.8902	0.0522
	-4.00	-7.00	12.80	-0.11	-0.86	3.84	3.56	4.44889	-75.19912	2.00	38.0000	37.0000	0.0000	0.0000	0.0000	0.6097	0.3048	2.3780	0.0529
	-3.00	-6.00	12.87	0.75	-1.15	3.86	3.54	4.44889	-75.19912	2.00	39.0000	37.0000	0.0000	0.0000	0.0000	-0.7317	1.7682	1.0975	0.0521
	-4.00	-9.00	12.79	1.67	-1.42	3.86	3.52	4.44889	-75.19912	2.00	38.0000	36.0000	0.0000	0.0000	0.0000	-5.0609	1.0975	1.8902	0.0559
	-4.00	-8.00	12.76	1.92	-1.51	3.86	3.53	4.44889	-75.19912	2.00	38.0000	36.0000	0.0000	0.0000	0.0000	2.8048	-0.6707	1.5243	0.0590
	-7.00	-7.00	12.79	1.77	-1.38	3.86	3.56	4.44889	-75.19912	2.00	37.0000	37.0000	0.0000	0.0000	0.0000	-2.9878	3.6585	1.3414	0.0625
	-12.00	-8.00	12.71	1.97	-1.30	3.85	3.59	4.44889	-75.19912	2.00	34.0000	36.0000	0.0000	0.0000	0.0000	-3.7804	-2.1341	0.7317	0.0653
	-4.00	-16.00	12.86	2.36	-1.36	3.85	3.63	4.44889	-75.19912	2.00	38.0000	32.0000	0.0000	0.0000	0.0000	3.4146	-0.3658	0.9756	0.0681
	-7.00	-7.00	12.83	2.20	-1.40	3.83	3.64	4.44889	-75.19912	2.00	37.0000	37.0000	0.0000	0.0000	0.0000	0.4878	3.4756	1.7073	0.0718
	-9.00	-12.00	12.80	1.73	-1.33	3.81	3.64	4.44889	-75.19912	2.00	36.0000	34.0000	0.0000	0.0000	0.0000	-1.5243	2.0121	1.8292	0.0752
	-3.00	-9.00	12.76	1.83	-1.32	3.80	3.64	4.44889	-75.19912	2.00	39.0000	36.0000	0.0000	0.0000	0.0000	-1.6463	-4.1463	2.7439	0.0794
	-7.00	-13.00	12.69	2.27	-1.41	3.79	3.63	4.44889	-75.19912	2.00	37.0000	34.0000	0.0000	0.0000	0.0000	-2.5000	1.0365	0.9756	0.0781
	-2.00	-13.00	12.77	2.18	-1.42	3.78	3.61	4.44889	-75.19912	2.00	39.0000	34.0000	0.0000	0.0000	0.0000	-1.3414	2.8658	0.4878	0.0764
	-6.00	-8.00	12.73	1.80	-1.28	3.77	3.63	4.44889	-75.19912	2.00	37.0000	36.0000	0.0000	0.0000	0.0000	-1.0365	1.2804	1.5853	0.0761
	-8.00	-7.00	12.69	1.99	-1.21	3.75	3.68	4.44889	-75.19912	2.00	36.0000	37.0000	0.0000	0.0000	0.0000	-6.8292	-0.1829	1.9512	0.0764
	-3.00	-12.00	12.76	2.64	-1.30	3.73	3.73	4.44889	-75.19912	2.00	39.0000	34.0000	0.0000	0.0000	0.0000	-1.5853	1.7682	0.6707	0.0772
	-3.00	-6.00	12.79	3.61	-1.44	3.71	3.73	4.44889	-75.19912	2.00	39.0000	37.0000	0.0000	0.0000	0.0000	-2.6829	-0.1219	1.5853	0.0790
	-7.00	-7.00	12.89	5.06	-1.57	3.69	3.69	4.44889	-75.19912	2.00	37.0000	37.0000	0.0000	0.0000	0.0000	-0.9146	4.3292	1.2804	0.0802
	-3.00	-6.00	12.90	6.30	-1.67	3.67	3.62	4.44889	-75.19912	2.00	39.0000	37.0000	0.0000	0.0000	0.0000	1.2804	-2.6829	3.0487	0.0847
	-9.00	-9.00	13.04	6.41	-1.73	3.66	3.56	4.44889	-75.19912	2.00	36.0000	36.0000	0.0000	0.0000	0.0000	-1.8902	1.1585	1.8902	0.0877
	-6.00	-8.00	12.80	5.64	-1.76	3.65	3.50	4.44889	-75.19912	2.00	37.0000	36.0000	0.0000	0.0000	0.0000	-3.1707	-0.0609	2.2560	0.0906
	-8.00	-8.00	12.80	5.30	-1.77	3.65	3.45	4.44890	-75.19912	2.00	36.0000	36.0000	0.0000	0.0000	0.0000	0.5487	-0.4268	1.2195	0.0921
	-7.00	-8.00	12.80	5.52	-1.77	3.65	3.42	4.44890	-75.19912	2.00	37.0000	36.0000	0.0000	0.0000	0.0000	-4.0243	-0.9756	1.4024	0.0941
	-1.00	-14.00	12.80	5.25	-1.70	3.66	3.43	4.44890	-75.19912	2.00	40.0000	33.0000	0.0000	0.0000	0.0000	-4.0243	-2.8048	3.4756	0.0982
	0.00	-8.00	12.73	4.61	-1.57	3.68	3.47	4.44890	-75.19912	2.00	40.0000	36.0000	0.0000	0.0000	0.0000	-2.8048	-1.8292	3.1707	0.1024
	6.00	-2.00	12.95	4.74	-1.48	3.70	3.54	4.44890	-75.19912	2.00	43.0000	39.0000	0.0000	0.0000	0.0000	-0.2439	0.4268	2.0121	0.1049
	22.00	11.00	12.91	5.51	-1.51	3.73	3.59	4.44890	-75.19912	2.00	51.0000	45.0000	0.0000	0.0000	0.0000	-0.7926	0.5487	0.9146	0.1074
	37.00	38.00	12.73	5.75	-1.41	3.76	3.58	4.44890	-75.19912	2.00	58.0000	59.0000	0.0000	0.0000	0.0000	-1.1585	-4.1463	2.3780	0.1119
	44.00	49.00	12.65	5.64	-0.63	3.80	3.57	4.44890	-75.19912	2.00	62.0000	64.0000	0.0000	0.0000	0.0000	-5.1829	-3.4146	3.9024	0.1230
	54.00	51.00	12.64	6.37	1.12	3.89	3.59	4.44890	-75.19912	2.00	67.0000	65.0000	0.0000	0.0000	0.0000	1.1585	-1.2195	-0.6707	0.1283
	62.00	59.00	12.84	8.02	3.28	4.01	3.66	4.44890	-75.19912	2.00	71.0000	69.0000	0.0000	0.0000	0.0000	-1.4634	-0.5487	2.5000	0.1387
	69.00	66.00	12.50	9.90	5.58	4.16	3.80	4.44890	-75.19912	2.00	74.0000	73.0000	0.0000	0.0000	0.0000	-4.6341	1.0365	4.0243	0.1502
	83.00	76.00	12.66	11.63	8.00	4.36	4.03	4.44890	-75.19912	2.00	81.0000	78.0000	0.0000	0.0000	0.0000	0.4878	1.7682	1.1585	0.1614
	96.00	97.00	12.62	13.02	9.92	4.60	4.32	4.44890	-75.19912	2.00	88.0000	88.0000	0.0000	0.0000	0.0000	-3.5365	-2.7439	2.6829	0.1733
	116.00	111.00	11.98	14.16	11.69	4.89	4.64	4.44890	-75.19912	2.00	98.0000	95.0000	0.0000	0.0000	0.0000	-0.4878	-2.6829	3.5365	0.1859
	120.00	119.00	12.47	15.41	14.41	5.24	5.00	4.44890	-75.19912	2.00	100.0000	99.0000	0.0000	0.0000	0.0000	3.2926	0.4878	2.1951	0.1972
	135.00	134.00	11.85	17.07	17.54	5.64	5.51	4.44890	-75.19912	2.00	100.0000	100.0000	0.0000	0.0000	0.0000	-2.5609	1.8292	3.7804	0.2084
	135.00	130.00	11.86	18.92	20.00	6.09	6.11	4.44891	-75.19912	2.00	100.0000	100.0000	0.0000	0.0000	0.0000	-2.6219	1.5853	2.4390	0.2179
	128.00	127.00	11.96	20.09	21.49	6.56	6.64	4.44891	-75.19912	2.00	100.0000	100.0000	0.0000	0.0000	0.0000	-2.9878	1.2195	0.8536	0.2258
	129.00	132.00	11.97	19.97	21.97	7.03	7.11	4.44891	-75.19912	2.00	100.0000	100.0000	0.0000	0.0000	0.0000	-1.4024	3.5975	3.9634	0.2369
	129.00	129.00	12.10	18.92	21.60	7.50	7.54	4.44891	-75.19912	2.00	100.0000	100.0000	0.0000	0.0000	0.0000	-2.2560	4.2682	2.5609	0.2459
	128.00	127.00	12.19	17.37	20.55	7.95	7.89	4.44891	-75.19912	2.00	100.0000	100.0000	0.0000	0.0000	0.0000	-4.3902	-2.6829	5.2439	0.2561
	127.00	127.00	12.23	15.49	18.99	8.39	8.14	4.44891	-75.19912	2.00	100.0000	100.0000	0.0000	0.0000	0.0000	-3.4756	7.4390	3.2926	0.2619
	124.00	129.00	12.36	13.56	17.29	8.80	8.29	4.44891	-75.19912	2.00	100.0000	100.0000	0.0000	0.0000	0.0000	-2.5609	-9.9390	4.6951	0.2746
	127.00	124.00	12.44	11.73	15.68	9.16	8.44	4.44891	-75.19912	2.00	100.0000	100.0000	0.0000	0.0000	0.0000	1.8902	3.9634	2.8048	0.2835
	125.00	124.00	12.34	10.16	14.15	9.46	8.68	4.44891	-75.19912	2.00	100.0000	100.0000	0.0000	0.0000	0.0000	-8.1707	3.5365	4.6951	0.2889
	129.00	127.00	12.36	8.93	12.83	9.68	8.94	4.44891	-75.19912	2.00	100.0000	100.0000	0.0000	0.0000	0.0000	-2.2560	7.5609	5.0000	0.2948
	129.00	127.00	12.40	7.95	11.76	9.83	9.14	4.44891	-75.19912	2.00	100.0000	100.0000	0.0000	0.0000	0.0000	3.5365	-3.3536	5.5487	0.3042
	129.00	132.00	12.33	7.18	10.91	9.95	9.28	4.44891	-75.19912	2.00	100.0000	100.0000	0.0000	0.0000	0.0000	-3.2926	7.6829	4.9390	0.3114
	124.00	127.00	12.41	6.52	10.25	10.08	9.36	4.44891	-75.19912	2.00	100.0000	100.0000	0.0000	0.0000	0.0000	-4.3902	-2.3780	3.5975	0.3169
	127.00	127.00	12.33	5.92	9.61	10.21	9.46	4.44891	-75.19912	2.00	100.0000	100.0000	0.0000	0.0000	0.0000	-1.4024	-10.2439	4.6951	0.3245
	124.00	123.00	12.50	5.47	8.91	10.33	9.69	4.44891	-75.19912	2.00	100.0000	100.0000	0.0000	0.0000	0.0000	-0.7926	-8.2317	6.0975	0.3339
	127.00	127.00	12.51	5.18	8.37	10.46	9.87	4.44891	-75.19912	2.00	100.0000	100.0000	0.0000	0.0000	0.0000	3.1707	-0.4268	9.0853	0.3446
	127.00	124.00	12.51	4.97	8.00	10.61	9.94	4.44891	-75.19912	2.00	100.0000	100.0000	0.0000	0.0000	0.0000	-5.2439	-8.1707	5.1219	0.3472
	127.00	127.00	12.47	4.79	7.66	10.78	9.91	4.44892	-75.19912	2.00	100.0000	100.0000	0.0000	0.0000	0.0000	-1.6463	-4.3902	0.9146	0.3466
	127.00	124.00	12.46	4.73	7.43	10.91	9.83	4.44892	-75.19912	2.00	100.0000	100.0000	0.0000	0.0000	0.0000	-6.4634	7.6219	3.2317	0.3495
	122.00	124.00	12.59	4.87	7.30	10.96	9.80	4.44892	-75.19912	2.00	100.0000	100.0000	0.0000	0.0000	0.0000	-4.8780	-9.5121	9.2073	0.3531
	122.00	122.00	12.43	4.87	7.11	10.93	9.85	4.44892	-75.19912	2.00	100.0000	100.0000	0.0000	0.0000	0.0000	-2.1341	11.1585	3.4756	0.3497
	120.00	122.00	12.43	4.52	6.96	10.90	9.95	4.44892	-75.19912	2.00	100.0000	100.0000	0.0000	0.0000	0.0000	4.1463	6.2804	4.5731	0.3542
	118.00	122.00	12.44	4.12	6.92	10.88	10.08	4.44892	-75.19912	2.0	99.0000	100.0000	0.0000	0.0000	0.0000	-2.8048	2.7439	4.4512	0.3575
	124.00	118.00	12.54	3.79	6.93	10.87	10.20	4.44892	-75.19912	2.00	100.0000	99.0000	0.0000	0.0000	0.0000	-1.1585	-1.5853	6.3414	0.3599
	119.00	120.00	12.55	3.41	6.93	10.87	10.30	4.44892	-75.19912	2.00	99.0000	100.0000	0.0000	0.0000	0.0000	-4.9390	5.9756	7.0731	0.3617
	124.00	122.00	12.86	2.98	6.98	10.89	10.33	4.44892	-75.19912	2.00	100.0000	100.0000	0.0000	0.0000	0.0000	-1.4024	1.5853	3.0487	0.3617
	124.00	122.00	12.54	2.63	7.01	10.95	10.34	4.44892	-75.19912	2.00	100.0000	100.0000	0.0000	0.0000	0.0000	-3.5365	-7.5000	5.6097	0.3650
	127.00	127.00	12.50	2.58	6.95	11.04	10.34	4.44892	-75.19912	2.00	100.0000	100.0000	0.0000	0.0000	0.0000	1.4024	-5.3048	3.7195	0.3637
	127.00	127.00	12.51	2.89	6.87	11.11	10.34	4.44892	-75.19912	2.00	100.0000	100.0000	0.0000	0.0000	0.0000	0.5487	-1.6463	5.4268	0.3655
	127.00	127.00	12.52	3.36	6.77	11.12	10.34	4.44892	-75.19912	2.00	100.0000	100.0000	0.0000	0.0000	0.0000	4.0853	-2.5000	6.5853	0.3726
	123.00	124.00	12.82	3.62	6.57	11.10	10.35	4.44892	-75.19912	2.00	100.0000	100.0000	0.0000	0.0000	0.0000	-3.2317	8.4146	4.8780	0.3759
	124.00	127.00	12.55	3.52	6.34	11.07	10.39	4.44892	-75.19912	2.00	100.0000	100.0000	0.0000	0.0000	0.0000	-7.4390	4.5121	4.5731	0.3795
	118.00	120.00	12.48	3.23	6.19	11.04	10.45	4.44892	-75.19912	2.00	99.0000	100.0000	0.0000	0.0000	0.0000	3.2317	0.0000	5.5487	0.3835
	113.00	123.00	12.58	2.93	6.20	11.02	10.55	4.44894	-75.19913	2.00	96.0000	100.0000	0.0000	0.0000	0.0000	5.4878	1.4634	4.7560	0.3885
	101.00	119.00	12.50	2.68	6.39	11.01	10.65	4.44894	-75.19913	2.00	90.0000	99.0000	0.0000	0.0000	0.0000	7.8658	3.1097	1.8292	0.3892
	91.00	109.00	12.46	2.43	6.67	11.02	10.70	4.44894	-75.19913	2.00	85.0000	94.0000	0.0000	0.0000	0.0000	0.6097	-1.2804	2.1951	0.3908
	85.00	104.00	12.69	2.18	6.67	11.05	10.64	4.44894	-75.19913	2.00	82.0000	92.0000	0.0000	0.0000	0.0000	-6.0365	3.4146	4.3292	0.3934
	81.00	101.00	12.65	2.05	5.96	11.07	10.51	4.44894	-75.19913	2.00	80.0000	90.0000	0.0000	0.0000	0.0000	0.1219	0.1829	5.0000	0.3976
	79.00	100.00	12.69	2.13	4.60	11.06	10.37	4.44894	-75.19913	2.00	79.0000	90.0000	0.0000	0.0000	0.0000	-4.2073	12.8048	5.8536	0.3992
	79.00	96.00	12.64	2.11	3.12	10.96	10.24	4.44894	-75.19913	2.00	79.0000	88.0000	0.0000	0.0000	0.0000	6.2195	-2.9878	3.6585	0.3981
	80.00	96.00	12.65	1.76	2.06	10.79	10.26	4.44894	-75.19913	2.00	80.0000	88.0000	0.0000	0.0000	0.0000	5.3048	8.9634	3.7195	0.3921
	79.00	98.00	12.73	1.65	1.57	10.61	10.40	4.44894	-75.19913	2.00	79.0000	89.0000	0.0000	0.0000	0.0000	1.8292	3.6585	5.3048	0.3891
	79.00	95.00	12.77	1.91	1.39	10.49	10.43	4.44894	-75.19913	2.0	79.0000	87.0000	0.0000	0.0000	0.0000	-2.4390	-2.8658	2.3780	0.3851
	83.00	98.00	12.62	1.80	1.39	10.46	10.44	4.44894	-75.19913	2.00	81.0000	89.0000	0.0000	0.0000	0.0000	3.5975	5.9146	3.4146	0.3819
	79.00	98.00	12.61	1.14	1.69	10.54	10.49	4.44894	-75.19913	2.00	79.0000	89.0000	0.0000	0.0000	0.0000	4.8170	-2.8048	5.6707	0.3832
	82.00	101.00	12.64	0.58	2.09	10.67	10.38	4.44894	-75.19913	2.00	81.0000	90.0000	0.0000	0.0000	0.0000	-2.5609	-2.0731	6.4634	0.3846
	79.00	98.00	12.72	0.57	2.15	10.77	10.15	4.44894	-75.19913	2.00	79.0000	89.0000	0.0000	0.0000	0.0000	-4.4512	-0.1829	5.0000	0.3844
	86.00	103.00	12.69	0.65	2.05	10.76	9.88	4.44894	-75.19913	2.00	83.0000	91.0000	0.0000	0.0000	0.0000	4.5121	2.3780	2.6829	0.3828
	79.00	100.00	12.59	0.65	2.26	10.65	9.66	4.44894	-75.19913	2.00	79.0000	90.0000	0.0000	0.0000	0.0000	-2.3170	6.4634	2.1341	0.3856
	77.00	96.00	12.69	1.03	2.64	10.47	9.54	4.44894	-75.19913	2.00	78.0000	88.0000	0.0000	0.0000	0.0000	-6.7682	5.3048	2.0121	0.3882
	72.00	95.00	12.68	1.73	2.72	10.29	9.44	4.44895	-75.19914	2.00	76.0000	87.0000	0.0000	0.0000	0.0000	-6.5243	10.5487	3.8414	0.3872
	67.00	87.00	12.62	2.09	2.60	10.14	9.38	4.44895	-75.19914	2.00	73.0000	83.0000	0.0000	0.0000	0.0000	-0.3048	5.1219	2.3780	0.3851
	60.00	79.00	12.57	1.62	2.68	10.04	9.38	4.44895	-75.19914	2.00	70.0000	79.0000	0.0000	0.0000	0.0000	-0.0609	3.5365	4.0853	0.3877
	49.00	77.00	12.68	0.90	2.88	10.01	9.37	4.44895	-75.19914	2.00	64.0000	78.0000	0.0000	0.0000	0.0000	-2.1341	-2.2560	5.6707	0.3914
	43.00	62.00	12.68	0.54	3.07	10.02	9.33	4.44895	-75.19914	2.00	61.0000	71.0000	0.0000	0.0000	0.0000	-5.1829	-0.9756	4.5121	0.3939
	30.00	53.00	12.59	0.12	3.42	10.04	9.26	4.44895	-75.19914	2.00	55.0000	66.0000	0.0000	0.0000	0.0000	-2.2560	3.3536	4.8170	0.3938
	14.00	37.00	12.82	-0.58	3.86	10.03	9.18	4.44895	-75.19914	2.00	47.0000	58.0000	0.0000	0.0000	0.0000	-0.6097	3.5975	2.0731	0.3908
	2.00	22.00	12.82	-1.23	4.00	9.97	9.10	4.44895	-75.19914	2.00	41.0000	51.0000	0.0000	0.0000	0.0000	-4.6951	-1.3414	4.0853	0.3913
	-8.00	16.00	12.73	-1.73	3.60	9.84	9.04	4.44895	-75.19914	2.00	36.0000	48.0000	0.0000	0.0000	0.0000	-2.8048	6.4634	-0.2439	0.3873
	-12.00	4.00	12.69	-2.06	2.69	9.62	8.98	4.44895	-75.19914	2.00	34.0000	42.0000	0.0000	0.0000	0.0000	1.8902	-4.5121	6.0365	0.3908
	-12.00	-6.00	12.77	-2.22	1.80	9.34	8.90	4.44895	-75.19914	2.00	34.0000	37.0000	0.0000	0.0000	0.0000	-3.6585	5.5487	-0.0609	0.3872
	-17.00	-4.00	12.73	-2.27	1.51	9.12	8.81	4.44895	-75.19914	2.00	32.0000	38.0000	0.0000	0.0000	0.0000	-2.4390	0.1219	4.8170	0.3894
	-14.00	-3.00	12.89	-2.25	1.48	9.04	8.68	4.44895	-75.19914	2.00	33.0000	39.0000	0.0000	0.0000	0.0000	-0.0609	-2.9268	6.7682	0.3936
	-14.00	-6.00	12.80	-2.20	1.01	9.03	8.55	4.44895	-75.19914	2.00	33.0000	37.0000	0.0000	0.0000	0.0000	2.8048	-0.9756	3.2317	0.3954
	-14.00	-3.00	12.72	-2.16	0.52	9.00	8.47	4.44895	-75.19914	2.00	33.0000	39.0000	0.0000	0.0000	0.0000	-8.0487	2.8658	7.6219	0.4016
	-14.00	-9.00	12.89	-2.12	0.83	8.95	8.43	4.44895	-75.19914	2.00	33.0000	36.0000	0.0000	0.0000	0.0000	2.3170	-1.5853	4.0853	0.4025
	-16.00	-4.00	12.84	-2.10	1.40	8.91	8.43	4.44895	-75.19914	2.0	32.0000	38.0000	0.0000	0.0000	0.0000	0.0609	3.5975	3.7804	0.4032
	-14.00	-6.00	13.04	-2.07	1.29	8.86	8.42	4.44897	-75.19915	2.00	33.0000	37.0000	0.0000	0.0000	0.0000	1.5853	-5.5487	5.6097	0.4059
	-14.00	-4.00	12.71	-2.02	0.91	8.79	8.34	4.44897	-75.19915	2.00	33.0000	38.0000	0.0000	0.0000	0.0000	-6.4634	7.1341	3.0487	0.4053
	-18.00	-4.00	12.76	-1.91	0.79	8.68	8.19	4.44897	-75.19915	2.00	31.0000	38.0000	0.0000	0.0000	0.0000	-2.6219	-4.7560	4.1463	0.4067
	-14.00	-6.00	12.83	-1.67	0.48	8.51	7.99	4.44897	-75.19915	2.00	33.0000	37.0000	0.0000	0.0000	0.0000	-0.9146	4.6341	0.0609	0.4035
	-14.00	-2.00	12.79	-1.47	-0.07	8.32	7.80	4.44897	-75.19915	2.00	33.0000	39.0000	0.0000	0.0000	0.0000	-1.0975	-0.1219	5.3048	0.4070
	-12.00	-2.00	12.71	-1.47	-0.09	8.11	7.58	4.44897	-75.19915	2.00	34.0000	39.0000	0.0000	0.0000	0.0000	-2.4390	4.4512	6.7073	0.4117
	-13.00	-6.00	12.79	-1.46	0.48	7.97	7.33	4.44897	-75.19915	2.00	34.0000	37.0000	0.0000	0.0000	0.0000	8.1707	-2.4390	2.6219	0.4120
	-16.00	-6.00	12.76	-1.28	0.67	7.88	7.12	4.44897	-75.19915	2.00	32.0000	37.0000	0.0000	0.0000	0.0000	-2.1951	-0.1829	0.7926	0.4091
	-12.00	-1.00	12.72	-1.22	0.29	7.81	7.04	4.44897	-75.19915	2.0	34.0000	40.0000	0.0000	0.0000	0.0000	-0.1219	5.0000	2.7439	0.4085
	-20.00	-4.00	12.62	-1.40	0.32	7.70	7.00	4.44897	-75.19915	2.00	30.0000	38.0000	0.0000	0.0000	0.0000	-0.8536	-4.0243	5.3658	0.4109
	-29.00	0.00	12.83	-1.50	0.95	7.60	6.98	4.44897	-75.19915	2.00	26.0000	40.0000	0.0000	0.0000	0.0000	3.8414	3.4756	2.3170	0.4101
	-51.00	1.00	13.02	-1.38	1.15	7.51	6.98	4.44897	-75.19915	2.00	15.0000	40.0000	0.0000	0.0000	0.0000	-3.5365	-1.2195	5.7317	0.4138
	-62.00	0.00	12.83	-1.26	0.86	7.41	6.96	4.44897	-75.19915	2.00	9.0000	40.0000	0.0000	0.0000	0.0000	2.3170	1.7073	0.1829	0.4114
	-77.00	-4.00	12.72	-1.34	0.96	7.28	6.90	4.44897	-75.19915	2.00	2.0000	38.0000	0.0000	0.0000	0.0000	2.6219	-0.1219	3.4146	0.4106
	-87.00	-1.00	12.95	-1.55	1.28	7.12	6.79	4.44897	-75.19915	2.00	-3.0000	40.0000	0.0000	0.0000	0.0000	-5.7317	0.3048	4.8170	0.4111
	-91.00	0.00	12.72	-2.79	1.12	6.93	6.66	4.44897	-75.19915	2.00	-5.0000	40.0000	0.0000	0.0000	0.0000	0.6707	4.6951	-5.0609	0.4060
	-95.00	0.00	12.54	-6.33	0.66	6.56	6.59	4.44898	-75.19915	2.00	-7.0000	40.0000	0.0000	0.0000	0.0000	-4.5121	2.3170	-12.9268	0.3932
	-97.00	0.00	12.91	-11.41	0.25	5.92	6.47	4.44898	-75.19915	2.00	-8.0000	40.0000	0.0000	0.0000	0.0000	10.0000	-10.7317	-12.5609	0.3792
	-103.00	1.00	12.72	-16.45	-0.25	5.22	6.23	4.44898	-75.19915	2.00	-11.0000	40.0000	0.0000	0.0000	0.0000	-1.2195	2.3780	0.3658	0.3800
	-106.00	1.00	12.83	-20.43	-0.50	4.64	5.87	4.44898	-75.19915	2.00	-13.0000	40.0000	0.0000	0.0000	0.0000	2.3780	0.6707	-0.2439	0.3790
	-111.00	3.00	12.52	-22.61	0.26	4.21	5.35	4.44898	-75.19915	2.00	-15.0000	41.0000	0.0000	0.0000	0.0000	2.9878	-0.1219	-0.9756	0.3774
	-111.00	2.00	12.82	-23.22	1.66	3.85	4.71	4.44898	-75.19915	2.00	-15.0000	41.0000	0.0000	0.0000	0.0000	-3.2317	-1.8292	-2.3170	0.3743
	-107.00	6.00	12.79	-23.26	2.70	3.50	4.06	4.44898	-75.19915	2.00	-13.0000	43.0000	0.0000	0.0000	0.0000	-2.3170	0.2439	-1.2804	0.3730
	-113.00	3.00	13.14	-23.08	3.84	3.15	3.46	4.44898	-75.19915	2.00	-16.0000	41.0000	0.0000	0.0000	0.0000	-3.4146	-0.8536	0.8536	0.3741
	-123.00	9.00	12.28	-22.29	5.98	2.78	2.93	4.44898	-75.19915	2.00	-20.0000	44.0000	0.0000	0.0000	0.0000	-3.1097	0.1829	-0.8536	0.3735
	-128.00	4.00	12.79	-20.93	8.55	2.42	2.47	4.44898	-75.19915	2.00	-20.0000	42.0000	0.0000	0.0000	0.0000	-1.2195	-0.3048	-1.9512	0.3717
	-127.00	9.00	13.02	-19.70	10.54	2.06	2.11	4.44898	-75.19915	2.00	-20.0000	44.0000	0.0000	0.0000	0.0000	-0.6707	0.0609	-2.6829	0.3755
	-127.00	11.00	13.19	-19.10	12.33	1.73	1.84	4.44898	-75.19915	2.00	-20.0000	45.0000	0.0000	0.0000	0.0000	-0.5487	-0.9146	0.1829	0.3805
	-124.00	16.00	12.29	-18.81	14.81	1.43	1.58	4.44898	-75.19915	2.00	-20.0000	48.0000	0.0000	0.0000	0.0000	-1.2804	-0.4878	0.0000	0.3850
	-128.00	17.00	12.57	-18.30	17.55	1.18	1.31	4.44898	-75.19915	2.00	-20.0000	48.0000	0.0000	0.0000	0.0000	-1.4634	0.6097	-1.1585	0.3880
	-127.00	12.00	12.86	-17.69	19.63	0.98	1.07	4.44898	-75.19915	2.0	-20.0000	46.0000	0.0000	0.0000	0.0000	-1.8292	0.7317	-1.1585	0.3915
	-120.00	12.00	13.37	-17.40	21.22	0.82	0.87	4.44898	-75.19915	2.0	-20.0000	46.0000	0.0000	0.0000	0.0000	-1.3414	-0.4878	0.1219	0.3960
	-109.00	12.00	12.57	-17.16	22.34	0.69	0.72	4.44898	-75.19915	2.00	-14.0000	46.0000	0.0000	0.0000	0.0000	-1.0975	0.1829	-0.3658	0.4000
	-90.00	12.00	12.52	-16.25	22.50	0.59	0.60	4.44898	-75.19915	2.00	-5.0000	46.0000	0.0000	0.0000	0.0000	-0.8536	-0.7317	1.8902	0.4062
	-86.00	12.00	12.73	-14.35	22.13	0.54	0.51	4.44898	-75.19915	2.00	-3.0000	46.0000	0.0000	0.0000	0.0000	-0.9146	-0.3048	2.2560	0.4152
	-87.00	14.00	12.89	-11.87	22.11	0.53	0.46	4.44898	-75.19915	2.00	-3.0000	47.0000	0.0000	0.0000	0.0000	-0.7317	-0.1829	-0.4878	0.4209
	-79.00	14.00	12.66	-9.41	22.22	0.56	0.45	4.44898	-75.19915	2.00	1.0000	47.0000	0.0000	0.0000	0.0000	-1.7682	0.1219	-1.7073	0.4258
	-75.00	8.00	13.07	-7.14	21.63	0.61	0.49	4.44898	-75.19915	2.00	3.0000	44.0000	0.0000	0.0000	0.0000	-1.7073	-2.2560	0.3658	0.4326
	-76.00	9.00	12.61	-5.09	20.66	0.70	0.57	4.44898	-75.19915	2.00	2.0000	44.0000	0.0000	0.0000	0.0000	-1.2804	1.5243	2.9878	0.4348
	-76.00	11.00	12.83	-3.47	19.94	0.82	0.67	4.44898	-75.19915	2.00	2.0000	45.0000	0.0000	0.0000	0.0000	-0.7317	1.0975	-0.4878	0.4331
	-72.00	11.00	12.76	-2.43	19.07	0.94	0.78	4.44898	-75.19915	2.00	4.0000	45.0000	0.0000	0.0000	0.0000	-2.2560	1.2195	-2.3780	0.4303
	-69.00	13.00	12.71	-1.88	17.74	1.04	0.92	4.44898	-75.19915	2.00	6.0000	46.0000	0.0000	0.0000	0.0000	-1.6463	0.1219	-0.4268	0.4297
	-74.00	17.00	12.76	-1.69	16.72	1.12	1.06	4.44898	-75.19915	2.00	3.0000	48.0000	0.0000	0.0000	0.0000	-1.2195	-0.1829	0.6707	0.4302
	-74.00	16.00	12.75	-1.69	16.59	1.22	1.19	4.44898	-75.19915	2.00	3.0000	48.0000	0.0000	0.0000	0.0000	-2.1951	1.1585	0.6097	0.4304
	-69.00	25.00	12.69	-1.78	16.61	1.32	1.30	4.44898	-75.19915	2.00	6.0000	52.0000	0.0000	0.0000	0.0000	-1.8902	1.1585	-1.0365	0.4290
	-71.00	29.00	12.68	-1.89	16.17	1.43	1.41	4.44898	-75.19915	2.00	5.0000	54.0000	0.0000	0.0000	0.0000	-1.6463	-0.2439	-0.7926	0.4333
	-75.00	39.00	12.77	-1.99	16.13	1.53	1.53	4.44898	-75.19915	2.00	3.0000	59.0000	0.0000	0.0000	0.0000	0.6707	-0.1829	-0.6707	0.4375
	-75.00	45.00	12.87	-2.05	16.81	1.64	1.64	4.44898	-75.19915	2.00	3.0000	62.0000	0.0000	0.0000	0.0000	-3.0487	0.9146	0.1829	0.4406
	-76.00	45.00	12.86	-2.04	17.50	1.77	1.76	4.44898	-75.19915	2.00	2.0000	62.0000	0.0000	0.0000	0.0000	-0.8536	-0.3658	-1.0365	0.4424
	-75.00	48.00	12.77	-2.00	18.23	1.91	1.89	4.44898	-75.19915	2.00	3.0000	64.0000	0.0000	0.0000	0.0000	-0.0609	1.3414	-0.4878	0.4480
	-74.00	51.00	12.12	-1.99	19.44	2.08	2.06	4.44898	-75.19916	2.00	3.0000	65.0000	0.0000	0.0000	0.0000	3.6585	-0.1219	-1.2195	0.4528
	-75.00	59.00	12.80	-2.00	20.92	2.25	2.27	4.44898	-75.19916	2.00	3.0000	69.0000	0.0000	0.0000	0.0000	-5.4878	-1.6463	-0.4268	0.4574
	-77.00	62.00	13.02	-2.03	21.82	2.44	2.50	4.44898	-75.19916	2.00	2.0000	71.0000	0.0000	0.0000	0.0000	-1.3414	-0.2439	-0.4878	0.4622
	-77.00	65.00	12.05	-2.06	22.22	2.64	2.76	4.44898	-75.19916	2.00	2.0000	72.0000	0.0000	0.0000	0.0000	0.1219	-0.1219	-2.4390	0.4680
	-80.00	67.00	12.05	-2.08	22.97	2.85	3.04	4.44898	-75.19916	2.00	0.0000	73.0000	0.0000	0.0000	0.0000	-2.2560	0.1219	0.9146	0.4769
	-82.00	67.00	12.58	-2.09	23.75	3.06	3.29	4.44898	-75.19916	2.00	-1.0000	73.0000	0.0000	0.0000	0.0000	1.7682	-0.7926	-0.1829	0.4815
	-86.00	70.00	13.05	-2.10	23.66	3.28	3.47	4.44898	-75.19916	2.00	-3.0000	75.0000	0.0000	0.0000	0.0000	-4.8170	-0.3658	0.0609	0.4866
	-92.00	74.00	12.12	-2.75	23.04	3.47	3.61	4.44898	-75.19916	2.00	-6.0000	77.0000	0.0000	0.0000	0.0000	1.6463	12.5609	-10.4878	0.4800
	-88.00	76.00	12.15	-5.05	22.88	3.57	3.76	4.44898	-75.19916	2.00	-4.0000	78.0000	0.0000	0.0000	0.0000	-2.6829	-4.7560	-10.4878	0.4731
	-88.00	80.00	12.97	-8.72	23.17	3.56	3.99	4.44898	-75.19916	2.00	-4.0000	80.0000	0.0000	0.0000	0.0000	0.5487	-1.4634	-6.0975	0.4726
	-88.00	85.00	12.04	-12.43	23.39	3.48	4.29	4.44898	-75.19916	2.00	-4.0000	82.0000	0.0000	0.0000	0.0000	1.2195	0.1219	-5.3048	0.4726
	-88.00	86.00	12.15	-15.08	23.75	3.38	4.47	4.44898	-75.19916	2.00	-4.0000	83.0000	0.0000	0.0000	0.0000	-3.2317	-0.3658	-2.2560	0.4762
	-90.00	85.00	12.64	-16.57	24.32	3.30	4.52	4.44898	-75.19916	2.00	-5.0000	82.0000	0.0000	0.0000	0.0000	-4.1463	-0.4878	-4.3292	0.4770
	-92.00	90.00	13.55	-17.56	24.97	3.22	4.50	4.44898	-75.19916	2.00	-6.0000	85.0000	0.0000	0.0000	0.0000	-1.3414	-0.9756	-7.2560	0.4747
	-91.00	90.00	11.97	-18.19	26.36	3.16	4.34	4.44898	-75.19916	2.00	-5.0000	85.0000	0.0000	0.0000	0.0000	3.4146	2.6219	-5.1219	0.4767
	-93.00	95.00	12.12	-18.19	29.03	3.10	4.08	4.44898	-75.19916	2.00	-6.0000	87.0000	0.0000	0.0000	0.0000	-3.7804	0.6097	-4.2073	0.4788
	-96.00	93.00	12.75	-17.89	32.24	3.07	3.80	4.44898	-75.19916	2.00	-8.0000	86.0000	0.0000	0.0000	0.0000	-1.1585	2.3780	-4.1463	0.4803
	-96.00	97.00	11.82	-18.06	34.57	3.07	3.55	4.44899	-75.19916	2.00	-8.0000	88.0000	0.0000	0.0000	0.0000	-4.9390	-2.8048	-5.2439	0.4806
	-95.00	100.00	11.83	-18.81	35.61	3.08	3.38	4.44899	-75.19916	2.00	-7.0000	90.0000	0.0000	0.0000	0.0000	-1.1585	0.6097	-7.0121	0.4797
	-100.00	96.00	11.89	-19.40	36.52	3.08	3.30	4.44899	-75.19916	2.00	-10.0000	88.0000	0.0000	0.0000	0.0000	-1.5853	-1.4024	-4.6951	0.4808
	-101.00	100.00	12.69	-19.42	37.96	3.09	3.27	4.44899	-75.19916	2.00	-10.0000	90.0000	0.0000	0.0000	0.0000	1.3414	1.5243	-5.5487	0.4817
	-97.00	98.00	11.83	-19.48	38.95	3.11	3.27	4.44899	-75.19916	2.00	-8.0000	89.0000	0.0000	0.0000	0.0000	-2.7439	-1.3414	-6.2195	0.4820
	-101.00	101.00	11.87	-20.16	38.89	3.13	3.26	4.44899	-75.19916	2.00	-10.0000	90.0000	0.0000	0.0000	0.0000	-1.5853	0.0000	-5.3658	0.4802
	-98.00	102.00	11.83	-21.08	38.45	3.14	3.25	4.44899	-75.19916	2.00	-9.0000	91.0000	0.0000	0.0000	0.0000	-1.0365	4.4512	-4.3292	0.4793
	-100.00	102.00	12.30	-21.47	38.45	3.14	3.23	4.44899	-75.19916	2.00	-10.0000	91.0000	0.0000	0.0000	0.0000	-0.3048	0.2439	-6.5243	0.4767
	-100.00	102.00	11.67	-21.26	38.77	3.13	3.25	4.44899	-75.19916	2.00	-10.0000	91.0000	0.0000	0.0000	0.0000	-2.5609	1.5243	-7.0731	0.4736
	-106.00	104.00	12.10	-21.12	38.80	3.12	3.34	4.44899	-75.19916	2.00	-13.0000	92.0000	0.0000	0.0000	0.0000	-2.9878	-3.9634	-5.0000	0.4725
	-104.00	103.00	11.53	-21.28	38.84	3.11	3.41	4.44899	-75.19916	2.00	-12.0000	91.0000	0.0000	0.0000	0.0000	-4.9390	0.0609	-8.8414	0.4672
	-103.00	106.00	12.64	-21.43	39.47	3.09	3.45	4.44899	-75.19916	2.00	-11.0000	93.0000	0.0000	0.0000	0.0000	-0.6707	-0.5487	-8.6585	0.4616
	-103.00	103.00	11.62	-21.51	40.26	3.05	3.50	4.44899	-75.19916	2.00	-11.0000	91.0000	0.0000	0.0000	0.0000	-0.8536	3.0487	-7.8048	0.4570
	-103.00	102.00	11.82	-21.67	40.52	3.00	3.53	4.44899	-75.19916	2.00	-11.0000	91.0000	0.0000	0.0000	0.0000	-2.7439	-2.7439	-3.4756	0.4572
	-103.00	106.00	11.58	-21.78	40.37	2.99	3.53	4.44899	-75.19916	2.00	-11.0000	93.0000	0.0000	0.0000	0.0000	-2.2560	1.4024	-4.2682	0.4565
	-106.00	106.00	12.73	-21.69	40.42	2.99	3.49	4.44899	-75.19916	2.00	-13.0000	93.0000	0.0000	0.0000	0.0000	0.0000	-4.0243	-4.8780	0.4552
	-104.00	103.00	13.08	-21.65	40.85	3.00	3.45	4.44899	-75.19916	2.00	-12.0000	91.0000	0.0000	0.0000	0.0000	-2.1951	8.9634	-8.5365	0.4501
	-106.00	104.00	11.90	-21.81	41.11	3.01	3.43	4.44899	-75.19916	2.00	-13.0000	92.0000	0.0000	0.0000	0.0000	-5.8536	-6.7073	-7.3780	0.4461
	-103.00	102.00	11.96	-21.89	40.96	3.00	3.44	4.44899	-75.19916	2.00	-11.0000	91.0000	0.0000	0.0000	0.0000	-0.3048	4.6951	-7.0731	0.4415
	-103.00	104.00	12.65	-21.82	41.05	2.98	3.45	4.44899	-75.19916	2.00	-11.0000	92.0000	0.0000	0.0000	0.0000	-2.3170	-3.7804	-3.5975	0.4411
	-106.00	102.00	12.75	-21.70	41.49	2.97	3.44	4.44899	-75.19916	2.00	-13.0000	91.0000	0.0000	0.0000	0.0000	2.5000	3.2926	-6.9512	0.4376
	-106.00	104.00	13.33	-21.50	41.80	2.98	3.42	4.44899	-75.19916	2.00	-13.0000	92.0000	0.0000	0.0000	0.0000	-4.0243	2.6829	-8.9634	0.4324
	-102.00	107.00	11.80	-21.19	41.78	2.97	3.38	4.44899	-75.19916	2.00	-11.0000	93.0000	0.0000	0.0000	0.0000	-0.5487	1.6463	-8.2317	0.4268
	-106.00	107.00	11.25	-20.75	41.71	2.95	3.37	4.44899	-75.19916	2.00	-13.0000	93.0000	0.0000	0.0000	0.0000	-2.7439	-0.9756	-6.4634	0.4234
	-106.00	107.00	12.84	-20.38	41.86	2.93	3.37	4.44899	-75.19916	2.00	-13.0000	93.0000	0.0000	0.0000	0.0000	3.4146	2.2560	-5.8536	0.4204
	-101.00	111.00	11.86	-20.26	42.28	2.94	3.37	4.44899	-75.19916	2.00	-10.0000	95.0000	0.0000	0.0000	0.0000	-4.5731	-0.1219	-4.4512	0.4191
	-104.00	107.00	11.86	-20.24	42.97	2.97	3.39	4.44899	-75.19916	2.00	-12.0000	93.0000	0.0000	0.0000	0.0000	0.6097	-4.2073	-5.6097	0.4170
	-106.00	111.00	12.26	-20.37	43.48	3.02	3.40	4.44899	-75.19916	2.00	-13.0000	95.0000	0.0000	0.0000	0.0000	-1.5853	3.4146	-9.0853	0.4111
	-101.00	104.00	12.48	-20.76	43.47	3.08	3.41	4.44899	-75.19916	2.00	-10.0000	92.0000	0.0000	0.0000	0.0000	1.4634	-2.2560	-7.4390	0.4073
	-101.00	111.00	11.93	-21.15	43.22	3.12	3.45	4.44899	-75.19916	2.00	-10.0000	95.0000	0.0000	0.0000	0.0000	-4.0243	0.6707	-5.2439	0.4059
	-101.00	111.00	12.00	-21.28	43.00	3.18	3.49	4.44899	-75.19916	2.00	-10.0000	95.0000	0.0000	0.0000	0.0000	-0.7926	-0.2439	-3.5365	0.4060
	-103.00	107.00	11.48	-21.15	42.68	3.23	3.52	4.44899	-75.19916	2.00	-11.0000	93.0000	0.0000	0.0000	0.0000	-2.7439	0.4878	-7.5000	0.4017
	-102.00	104.00	12.52	-20.87	42.15	3.26	3.54	4.44899	-75.19916	2.00	-11.0000	92.0000	0.0000	0.0000	0.0000	-1.8292	1.7073	-7.1951	0.3968
	-103.00	104.00	12.08	-20.61	41.79	3.26	3.56	4.44900	-75.19916	2.00	-11.0000	92.0000	0.0000	0.0000	0.0000	-1.1585	-0.7317	-8.0487	0.3914
	-107.00	104.00	11.94	-20.51	41.79	3.25	3.57	4.44900	-75.19916	2.00	-13.0000	92.0000	0.0000	0.0000	0.0000	-2.4390	-2.6829	-5.3658	0.3887
	-103.00	111.00	10.94	-20.68	41.92	3.24	3.55	4.44900	-75.19916	2.00	-11.0000	95.0000	0.0000	0.0000	0.0000	-1.1585	2.4390	-7.1951	0.3853
	-108.00	107.00	12.75	-20.98	42.15	3.22	3.54	4.44900	-75.19916	2.00	-14.0000	93.0000	0.0000	0.0000	0.0000	-2.8658	-1.0975	-5.3658	0.3828
	-107.00	102.00	11.89	-21.10	42.44	3.19	3.51	4.44900	-75.19916	2.00	-13.0000	91.0000	0.0000	0.0000	0.0000	0.1219	5.9756	-7.0731	0.3781
	-106.00	104.00	11.89	-21.09	42.40	3.15	3.45	4.44900	-75.19916	2.00	-13.0000	92.0000	0.0000	0.0000	0.0000	-1.6463	-4.2073	-5.0000	0.3763
	-104.00	102.00	12.16	-21.20	41.88	3.12	3.40	4.44900	-75.19916	2.00	-12.0000	91.0000	0.0000	0.0000	0.0000	-0.6707	1.3414	-6.3414	0.3717
	-103.00	108.00	11.82	-21.24	41.53	3.10	3.35	4.44900	-75.19916	2.00	-11.0000	94.0000	0.0000	0.0000	0.0000	-2.8048	-1.4634	-6.3414	0.3677
	-102.00	103.00	11.86	-20.93	41.85	3.07	3.32	4.44900	-75.19916	2.00	-11.0000	91.0000	0.0000	0.0000	0.0000	2.1951	-0.5487	-7.0731	0.3643
	-100.00	111.00	11.86	-20.44	42.44	3.05	3.31	4.44900	-75.19916	2.00	-10.0000	95.0000	0.0000	0.0000	0.0000	-1.0975	1.9512	-5.3048	0.3626
	-97.00	106.00	10.93	-20.00	42.84	3.02	3.31	4.44900	-75.19916	2.00	-8.0000	93.0000	0.0000	0.0000	0.0000	-1.6463	-3.2926	-5.1829	0.3614
	-97.00	111.00	12.08	-19.48	43.22	3.01	3.30	4.44900	-75.19916	2.00	-8.0000	95.0000	0.0000	0.0000	0.0000	-2.3170	-0.1829	-5.4878	0.3597
	-100.00	106.00	11.79	-18.84	43.85	3.02	3.32	4.44900	-75.19916	2.0	-10.0000	93.0000	0.0000	0.0000	0.0000	-2.8658	-0.1219	-4.6341	0.3572
	-100.00	107.00	11.97	-18.17	44.35	3.03	3.35	4.44900	-75.19916	2.00	-10.0000	93.0000	0.0000	0.0000	0.0000	1.7682	2.3780	-6.4634	0.3526
	-101.00	108.00	11.96	-17.69	44.08	3.04	3.39	4.44900	-75.19916	2.00	-10.0000	94.0000	0.0000	0.0000	0.0000	-3.1097	-1.0365	-5.6707	0.3504
	-100.00	112.00	11.87	-17.54	43.38	3.06	3.45	4.44900	-75.19916	2.00	-10.0000	96.0000	0.0000	0.0000	0.0000	-2.8048	2.0731	-5.3658	0.3483
	-101.00	108.00	11.73	-17.63	43.18	3.07	3.53	4.44900	-75.19917	2.00	-10.0000	94.0000	0.0000	0.0000	0.0000	-0.0609	-3.4146	-5.7926	0.3446
	-101.00	106.00	11.87	-17.82	43.57	3.08	3.60	4.44900	-75.19917	2.00	-10.0000	93.0000	0.0000	0.0000	0.0000	0.9146	5.2439	-6.5243	0.3398
	-101.00	112.00	12.01	-17.98	43.94	3.09	3.63	4.44900	-75.19917	2.00	-10.0000	96.0000	0.0000	0.0000	0.0000	-3.5365	-0.4268	-5.5487	0.3375
	-101.00	109.00	11.94	-18.04	44.07	3.10	3.63	4.44900	-75.19917	2.00	-10.0000	94.0000	0.0000	0.0000	0.0000	-2.9268	2.0121	-7.7439	0.3330
	-101.00	109.00	11.80	-18.03	44.13	3.12	3.63	4.44900	-75.19917	2.00	-10.0000	94.0000	0.0000	0.0000	0.0000	-3.9024	-1.7073	-6.5243	0.3290
	-102.00	109.00	11.85	-18.10	44.22	3.14	3.63	4.44900	-75.19917	2.00	-11.0000	94.0000	0.0000	0.0000	0.0000	0.3658	-0.6097	-7.3170	0.3240
	-98.00	109.00	11.83	-18.69	44.40	3.17	3.64	4.44900	-75.19917	2.0	-9.0000	94.0000	0.0000	0.0000	0.0000	-2.9878	0.6707	-6.4634	0.3198
	-101.00	111.00	11.83	-19.75	44.51	3.21	3.65	4.44900	-75.19917	2.00	-10.0000	95.0000	0.0000	0.0000	0.0000	-0.6707	-3.7804	-6.0975	0.3161
	-97.00	107.00	11.82	-20.40	44.40	3.25	3.65	4.44900	-75.19917	2.00	-8.0000	93.0000	0.0000	0.0000	0.0000	-0.9146	1.8902	-5.2439	0.3131
	-100.00	109.00	11.82	-20.39	44.13	3.28	3.65	4.44900	-75.19917	2.00	-10.0000	94.0000	0.0000	0.0000	0.0000	-1.0365	-1.5243	-7.0731	0.3097
	-102.00	112.00	11.97	-20.17	43.78	3.32	3.64	4.44900	-75.19917	2.00	-11.0000	96.0000	0.0000	0.0000	0.0000	-4.2682	2.9878	-5.9146	0.3069
	-97.00	109.00	11.79	-20.14	43.46	3.34	3.61	4.44900	-75.19917	2.00	-8.0000	94.0000	0.0000	0.0000	0.0000	-1.9512	0.6707	-8.4756	0.3015
	-100.00	112.00	11.98	-20.09	43.19	3.35	3.58	4.44900	-75.19917	2.00	-10.0000	96.0000	0.0000	0.0000	0.0000	-0.1829	-3.5365	-5.0000	0.3003
	-100.00	109.00	11.94	-19.76	42.92	3.36	3.58	4.44900	-75.19917	2.00	-10.0000	94.0000	0.0000	0.0000	0.0000	-1.4634	0.8536	-6.3414	0.2963
	-97.00	109.00	11.94	-19.72	42.88	3.37	3.59	4.44900	-75.19917	2.00	-8.0000	94.0000	0.0000	0.0000	0.0000	0.3658	1.5853	-6.5853	0.2918
	-101.00	113.00	11.94	-20.49	43.08	3.37	3.61	4.44900	-75.19917	2.00	-10.0000	96.0000	0.0000	0.0000	0.0000	0.0609	0.3048	-6.7682	0.2888
	-102.00	113.00	11.86	-21.39	43.27	3.37	3.62	4.44900	-75.19917	2.00	-11.0000	96.0000	0.0000	0.0000	0.0000	-1.8292	1.2804	-7.0731	0.2853
	-102.00	112.00	12.03	-21.70	43.42	3.36	3.62	4.44901	-75.19917	2.00	-11.0000	96.0000	0.0000	0.0000	0.0000	-0.7926	0.1829	-7.4390	0.2810
	-103.00	113.00	11.90	-21.83	43.62	3.34	3.61	4.44901	-75.19917	2.00	-11.0000	96.0000	0.0000	0.0000	0.0000	-1.8902	0.0609	-7.3780	0.2768
	-103.00	109.00	11.85	-22.30	43.81	3.31	3.62	4.44901	-75.19917	2.00	-11.0000	94.0000	0.0000	0.0000	0.0000	-1.3414	1.7682	-7.4390	0.2720
	-101.00	109.00	11.75	-22.85	44.04	3.27	3.63	4.44901	-75.19917	2.00	-10.0000	94.0000	0.0000	0.0000	0.0000	1.7073	1.6463	-7.1951	0.2679
	-103.00	107.00	12.07	-23.05	44.61	3.23	3.63	4.44901	-75.19917	2.00	-11.0000	93.0000	0.0000	0.0000	0.0000	-2.4390	1.4634	-5.3048	0.2660
	-104.00	113.00	11.97	-22.92	45.52	3.21	3.65	4.44901	-75.19917	2.00	-12.0000	96.0000	0.0000	0.0000	0.0000	-2.0121	0.7317	-6.0365	0.2621
	-102.00	112.00	11.86	-22.89	46.17	3.19	3.66	4.44901	-75.19917	2.00	-11.0000	96.0000	0.0000	0.0000	0.0000	-5.0609	-2.3170	-6.8292	0.2590
	-103.00	113.00	11.68	-23.08	46.43	3.17	3.66	4.44901	-75.19917	2.00	-11.0000	96.0000	0.0000	0.0000	0.0000	1.2195	3.5975	-7.7439	0.2543
	-101.00	109.00	11.79	-23.21	46.60	3.13	3.63	4.44901	-75.19917	2.00	-10.0000	94.0000	0.0000	0.0000	0.0000	0.5487	1.6463	-6.8292	0.2510
	-102.00	113.00	11.76	-23.06	46.72	3.09	3.60	4.44901	-75.19917	2.00	-11.0000	96.0000	0.0000	0.0000	0.0000	-1.5243	1.2804	-4.9390	0.2500
	-102.00	113.00	11.94	-22.75	46.74	3.06	3.54	4.44901	-75.19917	2.00	-11.0000	96.0000	0.0000	0.0000	0.0000	-0.9756	-3.4146	-6.2804	0.2477
	-100.00	111.00	12.03	-22.76	46.81	3.04	3.49	4.44901	-75.19917	2.00	-10.0000	95.0000	0.0000	0.0000	0.0000	0.1219	2.0731	-7.8048	0.2417
	-101.00	111.00	11.73	-22.98	47.11	3.03	3.49	4.44901	-75.19917	2.00	-10.0000	95.0000	0.0000	0.0000	0.0000	-1.8902	-1.5243	-5.7926	0.2385
	-102.00	113.00	11.83	-22.91	47.38	3.02	3.53	4.44901	-75.19917	2.00	-11.0000	96.0000	0.0000	0.0000	0.0000	1.2804	3.0487	-7.0731	0.2349
	-98.00	111.00	11.86	-22.68	47.28	3.03	3.58	4.44901	-75.19917	2.00	-9.0000	95.0000	0.0000	0.0000	0.0000	-4.2682	0.0000	-7.9268	0.2307
	-95.00	114.00	11.83	-22.41	46.76	3.05	3.61	4.44901	-75.19917	2.00	-7.0000	97.0000	0.0000	0.0000	0.0000	-2.2560	2.0121	-7.0121	0.2253
	-93.00	109.00	11.71	-21.72	46.18	3.07	3.65	4.44901	-75.19917	2.00	-6.0000	94.0000	0.0000	0.0000	0.0000	-1.2804	-1.2195	-7.0121	0.2203
	-90.00	109.00	11.73	-20.89	45.91	3.10	3.67	4.44902	-75.19917	2.00	-5.0000	94.0000	0.0000	0.0000	0.0000	1.0365	-1.5853	-5.7926	0.2166
	-85.00	112.00	11.80	-20.39	45.59	3.15	3.68	4.44902	-75.19917	2.00	-2.0000	96.0000	0.0000	0.0000	0.0000	-3.9024	0.1219	-5.3658	0.2134
	-71.00	108.00	11.83	-19.12	45.10	3.24	3.67	4.44902	-75.19917	2.00	5.0000	94.0000	0.0000	0.0000	0.0000	-0.9146	-12.9268	-0.9756	0.2166
	-51.00	101.00	11.86	-15.72	44.72	3.45	3.67	4.44902	-75.19917	2.00	15.0000	90.0000	0.0000	0.0000	0.0000	-0.0609	11.9512	4.2682	0.2232
	-34.00	97.00	12.05	-11.12	43.73	3.77	3.72	4.44902	-75.19917	2.00	23.0000	88.0000	0.0000	0.0000	0.0000	2.1341	-0.5487	-1.6463	0.2244
	-16.00	86.00	12.22	-6.88	41.42	4.09	3.88	4.44902	-75.19917	2.00	32.0000	83.0000	0.0000	0.0000	0.0000	-2.0121	-1.0365	-0.7317	0.2272
	-9.00	81.00	12.14	-3.63	37.99	4.37	4.15	4.44902	-75.19917	2.00	36.0000	80.0000	0.0000	0.0000	0.0000	-0.0609	-0.4268	-0.3048	0.2239
	-12.00	76.00	12.21	-1.58	34.06	4.67	4.49	4.44902	-75.19917	2.00	34.0000	78.0000	0.0000	0.0000	0.0000	1.7073	2.4390	2.3170	0.2231
	-11.00	71.00	12.29	-0.44	30.54	5.05	4.82	4.44902	-75.19917	2.00	35.0000	75.0000	0.0000	0.0000	0.0000	-0.3658	-2.9878	2.0121	0.2217
	-11.00	71.00	12.34	0.34	27.58	5.49	5.08	4.44902	-75.19917	2.00	35.0000	75.0000	0.0000	0.0000	0.0000	-2.3780	0.2439	1.4024	0.2193
	-7.00	69.00	12.10	0.91	24.45	5.94	5.29	4.44902	-75.19917	2.00	37.0000	74.0000	0.0000	0.0000	0.0000	-1.9512	3.7195	0.8536	0.2172
	-8.00	70.00	12.26	0.90	20.91	6.34	5.43	4.44902	-75.19917	2.00	36.0000	75.0000	0.0000	0.0000	0.0000	-4.2073	0.1219	1.5853	0.2104
	-3.00	64.00	12.18	0.51	17.94	6.55	5.52	4.44902	-75.19917	2.00	39.0000	72.0000	0.0000	0.0000	0.0000	-0.4878	-1.0365	2.5609	0.2047
	3.00	60.00	12.54	0.50	16.29	6.56	5.61	4.44902	-75.19917	2.00	41.0000	70.0000	0.0000	0.0000	0.0000	2.6219	-4.8170	1.5243	0.2005
	6.00	54.00	12.72	0.80	14.91	6.43	5.74	4.44902	-75.19917	2.00	43.0000	67.0000	0.0000	0.0000	0.0000	-11.7682	3.2926	3.5975	0.1990
	3.00	45.00	12.37	0.99	12.74	6.29	5.87	4.44902	-75.19917	2.00	41.0000	62.0000	0.0000	0.0000	0.0000	-3.4756	2.3780	2.3780	0.1912
	8.00	40.00	12.36	1.32	10.32	6.22	5.93	4.44902	-75.19917	2.00	44.0000	60.0000	0.0000	0.0000	0.0000	-0.2439	-3.4146	0.6707	0.1830
	13.00	39.00	12.72	1.64	7.84	6.23	5.92	4.44902	-75.19917	2.00	46.0000	59.0000	0.0000	0.0000	0.0000	-3.5365	5.6097	3.7804	0.1785
	20.00	35.00	12.66	1.41	5.02	6.33	5.85	4.44902	-75.19917	2.00	50.0000	57.0000	0.0000	0.0000	0.0000	2.3780	5.9146	4.3292	0.1754
	23.00	29.00	12.71	1.38	2.39	6.45	5.82	4.44902	-75.19917	2.00	51.0000	54.0000	0.0000	0.0000	0.0000	-2.8048	0.1219	2.4390	0.1666
	30.00	25.00	12.50	2.36	0.96	6.51	5.90	4.44902	-75.19917	2.00	55.0000	52.0000	0.0000	0.0000	0.0000	-0.0609	1.5853	2.1951	0.1576
	33.00	25.00	12.71	3.63	0.73	6.51	6.02	4.44902	-75.19917	2.00	56.0000	52.0000	0.0000	0.0000	0.0000	3.5365	0.8536	1.2195	0.1493
	35.00	11.00	12.73	4.57	0.54	6.49	6.13	4.44902	-75.19917	2.00	57.0000	45.0000	0.0000	0.0000	0.0000	3.2317	-1.1585	4.8170	0.1443
	43.00	4.00	12.69	5.63	-0.06	6.48	6.14	4.44902	-75.19917	2.00	61.0000	42.0000	0.0000	0.0000	0.0000	-5.0609	4.9390	4.7560	0.1389
	41.00	1.00	12.73	6.80	-0.71	6.49	6.00	4.44902	-75.19917	2.00	60.0000	40.0000	0.0000	0.0000	0.0000	-3.8414	-0.6707	2.1341	0.1316
	45.00	-1.00	12.61	7.52	-1.24	6.52	5.95	4.44902	-75.19917	2.00	62.0000	40.0000	0.0000	0.0000	0.0000	-0.0609	0.8536	4.0853	0.1279
	51.00	-6.00	12.71	7.77	-1.59	6.53	6.08	4.44902	-75.19917	2.00	65.0000	37.0000	0.0000	0.0000	0.0000	-2.8658	4.0243	2.5000	0.1218
	50.00	-1.00	12.58	8.18	-1.78	6.54	6.11	4.44902	-75.19917	2.00	65.0000	40.0000	0.0000	0.0000	0.0000	-0.6707	0.7317	3.4756	0.1174
	48.00	-6.00	12.79	8.87	-1.86	6.54	5.94	4.44902	-75.19917	2.00	64.0000	37.0000	0.0000	0.0000	0.0000	-4.5731	-1.8292	3.3536	0.1126
	48.00	-2.00	12.48	9.41	-1.87	6.53	5.76	4.44902	-75.19917	2.00	64.0000	39.0000	0.0000	0.0000	0.0000	-2.1341	2.9268	3.2317	0.1082
	53.00	-9.00	12.75	9.78	-1.84	6.51	5.66	4.44902	-75.19917	2.00	66.0000	36.0000	0.0000	0.0000	0.0000	-1.2804	-5.9756	2.2560	0.1034
	53.00	-11.00	13.05	10.27	-1.78	6.51	5.66	4.44902	-75.19917	2.00	66.0000	35.0000	0.0000	0.0000	0.0000	-3.1707	3.9634	4.8780	0.1014
	51.00	-14.00	12.58	10.54	-1.60	6.50	5.68	4.44902	-75.19917	2.00	65.0000	33.0000	0.0000	0.0000	0.0000	-1.9512	-0.0609	4.0853	0.0982
	56.00	-20.00	12.62	10.05	-1.26	6.49	5.70	4.44903	-75.19917	2.00	68.0000	30.0000	0.0000	0.0000	0.0000	0.1829	-0.1219	3.5975	0.0950
	54.00	-20.00	12.64	9.28	-0.97	6.48	5.70	4.44903	-75.19917	2.00	67.0000	30.0000	0.0000	0.0000	0.0000	-5.9146	2.2560	4.3902	0.0924
	58.00	-28.00	12.75	8.95	-0.94	6.45	5.69	4.44903	-75.19917	2.00	69.0000	26.0000	0.0000	0.0000	0.0000	1.8902	0.0609	3.1097	0.0888
	54.00	-24.00	12.66	8.74	-0.90	6.42	5.69	4.44903	-75.19917	2.00	67.0000	28.0000	0.0000	0.0000	0.0000	-7.0731	-3.1097	5.3658	0.0866
	55.00	-29.00	12.69	8.33	-0.59	6.42	5.70	4.44903	-75.19917	2.00	67.0000	26.0000	0.0000	0.0000	0.0000	-2.6829	0.3048	2.8048	0.0827
	54.00	-27.00	12.65	8.34	-0.37	6.43	5.71	4.44903	-75.19917	2.00	67.0000	27.0000	0.0000	0.0000	0.0000	2.6829	-0.6707	2.9268	0.0836
	54.00	-33.00	12.77	9.07	-0.51	6.46	5.77	4.44903	-75.19917	2.00	67.0000	24.0000	0.0000	0.0000	0.0000	-2.8658	-0.4878	4.7560	0.0860
	54.00	-35.00	12.65	9.71	-0.65	6.48	5.86	4.44903	-75.19917	2.00	67.0000	23.0000	0.0000	0.0000	0.0000	1.6463	-0.1219	3.9024	0.0844
	56.00	-39.00	12.68	9.76	-0.57	6.49	5.89	4.44903	-75.19917	2.00	68.0000	21.0000	0.0000	0.0000	0.0000	0.8536	-3.0487	2.1341	0.0813
	65.00	-40.00	12.79	9.86	-0.58	6.49	5.88	4.44903	-75.19917	2.00	72.0000	20.0000	0.0000	0.0000	0.0000	-1.5853	3.2926	3.8414	0.0829
	65.00	-44.00	12.57	10.37	-0.81	6.48	5.87	4.44903	-75.19917	2.00	72.0000	18.0000	0.0000	0.0000	0.0000	-3.7195	4.8170	5.4878	0.0862
	66.00	-48.00	12.57	10.92	-0.88	6.44	5.82	4.44903	-75.19917	2.00	73.0000	16.0000	0.0000	0.0000	0.0000	-2.0731	-2.1341	4.0853	0.0887
	67.00	-46.00	12.52	11.35	-0.52	6.39	5.75	4.44903	-75.19917	2.00	73.0000	17.0000	0.0000	0.0000	0.0000	-3.9634	3.9024	5.6097	0.0928
	65.00	-54.00	12.71	11.83	-0.16	6.36	5.69	4.44903	-75.19917	2.00	72.0000	13.0000	0.0000	0.0000	0.0000	-3.5975	-4.3292	4.1463	0.0989
	66.00	-54.00	12.69	11.98	-0.20	6.33	5.60	4.44903	-75.19917	2.00	73.0000	13.0000	0.0000	0.0000	0.0000	-0.1829	1.2804	3.2926	0.1042
	64.00	-53.00	12.68	11.36	-0.31	6.31	5.53	4.44903	-75.19917	2.00	72.0000	14.0000	0.0000	0.0000	0.0000	-2.9268	3.5975	5.1219	0.1112
	56.00	-56.00	12.62	10.51	-0.01	6.30	5.53	4.44903	-75.19917	2.00	68.0000	12.0000	0.0000	0.0000	0.0000	1.9512	1.0365	3.3536	0.1110
	48.00	-54.00	12.72	9.99	0.36	6.27	5.60	4.44904	-75.19917	2.00	64.0000	13.0000	0.0000	0.0000	0.0000	-0.7926	2.6829	3.5975	0.1111
	32.00	-54.00	12.58	9.35	0.26	6.22	5.67	4.44904	-75.19917	2.00	56.0000	13.0000	0.0000	0.0000	0.0000	1.0365	-0.2439	4.2682	0.1137
	-9.00	-37.00	12.59	7.72	-0.11	6.17	5.70	4.44904	-75.19917	2.00	36.0000	22.0000	0.0000	0.0000	0.0000	1.4024	0.5487	2.5609	0.1140
	-9.00	-8.00	12.86	5.13	-0.23	6.12	5.71	4.44904	-75.19917	2.00	36.0000	36.0000	0.0000	0.0000	0.0000	-2.6219	-2.2560	-1.0365	0.1105
	-20.00	32.00	12.79	2.41	-0.10	6.05	5.71	4.44904	-75.19917	2.00	30.0000	56.0000	0.0000	0.0000	0.0000	-2.8658	-6.7073	1.6463	0.1102
	-28.00	43.00	12.75	0.16	0.30	6.00	5.74	4.44904	-75.19917	2.00	26.0000	61.0000	0.0000	0.0000	0.0000	3.9634	-3.1707	1.5243	0.1142
	-38.00	53.00	12.76	-1.36	1.50	5.94	5.77	4.44904	-75.19917	2.00	21.0000	66.0000	0.0000	0.0000	0.0000	-1.8902	-1.4634	2.5609	0.1185
	-41.00	59.00	12.89	-2.21	3.10	5.87	5.76	4.44904	-75.19917	2.00	20.0000	69.0000	0.0000	0.0000	0.0000	-3.2926	2.5609	1.0975	0.1194
	-41.00	65.00	12.79	-2.56	4.23	5.79	5.68	4.44904	-75.19917	2.00	20.0000	72.0000	0.0000	0.0000	0.0000	-5.6097	5.3658	0.1829	0.1194
	-46.00	62.00	12.79	-2.62	5.15	5.69	5.58	4.44904	-75.19917	2.00	17.0000	71.0000	0.0000	0.0000	0.0000	3.0487	-3.2926	0.7926	0.1220
	-44.00	67.00	12.51	-2.51	6.59	5.57	5.53	4.44904	-75.19917	2.00	18.0000	73.0000	0.0000	0.0000	0.0000	-0.7317	8.6585	2.0121	0.1249
	-53.00	69.00	12.79	-2.35	8.09	5.44	5.53	4.44904	-75.19917	2.00	14.0000	74.0000	0.0000	0.0000	0.0000	-7.6219	1.2195	1.3414	0.1323
	-56.00	76.00	12.46	-2.21	9.19	5.25	5.53	4.44904	-75.19917	2.00	12.0000	78.0000	0.0000	0.0000	0.0000	1.8292	-2.8048	0.4268	0.1388
	-66.00	90.00	12.58	-2.12	10.55	5.11	5.55	4.44904	-75.19917	2.00	7.0000	85.0000	0.0000	0.0000	0.0000	-4.2073	-2.3170	1.4024	0.1445
	-71.00	91.00	12.50	-2.07	12.60	5.15	5.62	4.44904	-75.19917	2.00	5.0000	85.0000	0.0000	0.0000	0.0000	-0.8536	5.0609	-1.6463	0.1470
	-80.00	90.00	12.71	-2.05	14.86	5.34	5.75	4.44904	-75.19917	2.00	0.0000	85.0000	0.0000	0.0000	0.0000	0.5487	-0.9146	-1.8902	0.1555
	-83.00	87.00	12.39	-2.03	16.64	5.58	5.89	4.44905	-75.19917	2.00	-1.0000	83.0000	0.0000	0.0000	0.0000	-1.8292	2.0121	2.4390	0.1662
	-85.00	88.00	12.50	-2.02	17.89	5.84	6.04	4.44905	-75.19917	2.00	-2.0000	84.0000	0.0000	0.0000	0.0000	2.1341	-0.3658	0.6707	0.1757
	-88.00	88.00	12.72	-2.03	18.60	6.07	6.14	4.44905	-75.19917	2.00	-4.0000	84.0000	0.0000	0.0000	0.0000	-4.4512	0.9146	2.1951	0.1821
	-87.00	93.00	12.64	-3.20	18.43	6.17	6.19	4.44905	-75.19917	2.00	-3.0000	86.0000	0.0000	0.0000	0.0000	-2.3170	6.1585	-13.4146	0.1711
	-87.00	91.00	12.75	-6.99	17.59	5.99	6.27	4.44905	-75.19917	2.00	-3.0000	85.0000	0.0000	0.0000	0.0000	-7.1951	-12.1341	-12.1341	0.1641
	-90.00	92.00	12.43	-12.44	17.19	5.53	6.36	4.44905	-75.19917	2.00	-5.0000	86.0000	0.0000	0.0000	0.0000	-6.9512	2.3780	-17.1951	0.1530
	-96.00	98.00	12.73	-17.82	17.89	5.06	6.37	4.44905	-75.19917	2.00	-8.0000	89.0000	0.0000	0.0000	0.0000	1.8902	-1.0975	-3.8414	0.1562
	-93.00	100.00	12.73	-22.03	19.47	4.74	6.24	4.44905	-75.19917	2.00	-6.0000	90.0000	0.0000	0.0000	0.0000	4.2073	-1.3414	-5.2439	0.1575
	-97.00	100.00	12.22	-24.55	21.70	4.56	5.98	4.44905	-75.19917	2.00	-8.0000	90.0000	0.0000	0.0000	0.0000	-3.4756	-1.9512	-7.9878	0.1585
	-92.00	102.00	12.12	-25.86	24.36	4.45	5.67	4.44905	-75.19917	2.00	-6.0000	91.0000	0.0000	0.0000	0.0000	-7.1341	0.7317	-7.8658	0.1594
	-91.00	102.00	11.72	-26.31	27.12	4.33	5.35	4.44905	-75.19917	2.00	-5.0000	91.0000	0.0000	0.0000	0.0000	-2.5609	-0.1829	-6.7073	0.1598
	-88.00	104.00	12.08	-25.87	30.06	4.20	5.04	4.44905	-75.19917	2.00	-4.0000	92.0000	0.0000	0.0000	0.0000	0.9756	-1.7682	-6.4634	0.1599
	-88.00	102.00	11.91	-24.89	33.12	4.06	4.77	4.44905	-75.19917	2.00	-4.0000	91.0000	0.0000	0.0000	0.0000	3.3536	-0.4268	-6.5243	0.1618
	-62.00	97.00	12.18	-23.75	35.77	3.94	4.53	4.44905	-75.19917	2.00	9.0000	88.0000	0.0000	0.0000	0.0000	1.3414	0.4268	-6.0365	0.1641
	-34.00	75.00	12.00	-21.50	37.19	3.89	4.34	4.44905	-75.19917	2.00	23.0000	77.0000	0.0000	0.0000	0.0000	-2.8048	-7.6219	6.7073	0.1777
	-8.00	65.00	12.16	-16.98	36.78	4.02	4.23	4.44905	-75.19917	2.00	36.0000	72.0000	0.0000	0.0000	0.0000	2.8658	6.0975	6.2804	0.1893
	-6.00	56.00	12.28	-10.98	34.66	4.31	4.18	4.44905	-75.19917	2.00	37.0000	68.0000	0.0000	0.0000	0.0000	0.0000	0.9756	1.7682	0.1910
	-7.00	60.00	12.37	-5.02	31.31	4.62	4.14	4.44906	-75.19918	2.00	37.0000	70.0000	0.0000	0.0000	0.0000	-2.0121	3.7195	-1.1585	0.1903
	-8.00	56.00	12.65	-0.49	27.14	4.90	4.13	4.44906	-75.19918	2.00	36.0000	68.0000	0.0000	0.0000	0.0000	-2.2560	1.4634	-0.0609	0.1908
	-8.00	56.00	12.40	2.18	23.13	5.13	4.19	4.44906	-75.19918	2.00	36.0000	68.0000	0.0000	0.0000	0.0000	-1.9512	-3.8414	3.8414	0.1950
	-12.00	58.00	12.36	4.00	20.45	5.25	4.32	4.44906	-75.19918	2.00	34.0000	69.0000	0.0000	0.0000	0.0000	-0.7317	0.3658	2.1951	0.1970
	-6.00	56.00	12.83	5.25	18.90	5.29	4.49	4.44906	-75.19918	2.00	37.0000	68.0000	0.0000	0.0000	0.0000	-0.6707	2.0121	0.0609	0.1936
	-4.00	58.00	12.44	5.44	17.52	5.28	4.66	4.44906	-75.19918	2.00	38.0000	69.0000	0.0000	0.0000	0.0000	1.2195	-2.6829	-1.0975	0.1897
	-9.00	51.00	12.44	4.99	16.34	5.27	4.83	4.44906	-75.19918	2.00	36.0000	65.0000	0.0000	0.0000	0.0000	-0.8536	1.4024	1.9512	0.1895
	-11.00	51.00	12.50	4.96	15.99	5.30	4.96	4.44906	-75.19918	2.00	35.0000	65.0000	0.0000	0.0000	0.0000	-1.1585	0.9756	2.5609	0.1895
	-7.00	50.00	12.54	5.41	15.89	5.37	5.06	4.44906	-75.19918	2.00	37.0000	65.0000	0.0000	0.0000	0.0000	-0.3658	-2.5609	1.7682	0.1891
	-9.00	45.00	12.43	5.42	15.50	5.45	5.13	4.44906	-75.19918	2.00	36.0000	62.0000	0.0000	0.0000	0.0000	-5.1219	1.0975	2.4390	0.1899
	-8.00	43.00	12.41	4.96	15.26	5.52	5.21	4.44906	-75.19918	2.00	36.0000	61.0000	0.0000	0.0000	0.0000	-5.1829	0.9756	4.6341	0.1899
	-8.00	39.00	12.94	4.76	14.81	5.60	5.32	4.44906	-75.19918	2.00	36.0000	59.0000	0.0000	0.0000	0.0000	1.0365	0.1219	3.6585	0.1890
	-7.00	39.00	12.61	4.86	13.59	5.68	5.42	4.44906	-75.19918	2.00	37.0000	59.0000	0.0000	0.0000	0.0000	-0.1829	5.1829	3.4756	0.1866
	-7.00	39.00	12.52	4.59	12.09	5.75	5.49	4.44906	-75.19918	2.00	37.0000	59.0000	0.0000	0.0000	0.0000	-1.1585	-3.1097	2.6829	0.1839
	-9.00	38.00	12.62	3.71	11.19	5.81	5.52	4.44906	-75.19918	2.00	36.0000	59.0000	0.0000	0.0000	0.0000	1.4024	-2.3780	2.3780	0.1813
	-9.00	39.00	12.62	3.11	10.96	5.85	5.50	4.44906	-75.19918	2.00	36.0000	59.0000	0.0000	0.0000	0.0000	-1.1585	0.1219	0.7317	0.1765
	-7.00	34.00	12.66	3.39	10.73	5.88	5.44	4.44907	-75.19918	2.00	37.0000	57.0000	0.0000	0.0000	0.0000	-3.2317	-0.2439	1.4024	0.1729
	-11.00	37.00	12.41	3.74	10.30	5.88	5.34	4.44907	-75.19918	2.00	35.0000	58.0000	0.0000	0.0000	0.0000	1.3414	2.7439	-0.9146	0.1675
	-14.00	40.00	12.48	3.21	10.14	5.85	5.25	4.44907	-75.19918	2.00	33.0000	60.0000	0.0000	0.0000	0.0000	7.0731	0.6097	0.7926	0.1620
	-14.00	45.00	12.82	2.46	10.48	5.82	5.20	4.44907	-75.19918	2.00	33.0000	62.0000	0.0000	0.0000	0.0000	-1.2195	1.4024	3.9024	0.1595
	-29.00	55.00	12.59	2.63	10.81	5.78	5.19	4.44907	-75.19918	2.00	26.0000	67.0000	0.0000	0.0000	0.0000	4.6951	3.1707	4.3292	0.1620
	-37.00	58.00	12.43	3.11	11.11	5.73	5.19	4.44907	-75.19918	2.00	22.0000	69.0000	0.0000	0.0000	0.0000	-1.8292	-6.0365	4.6341	0.1651
	-46.00	62.00	12.72	2.65	12.14	5.64	5.21	4.44907	-75.19918	2.00	17.0000	71.0000	0.0000	0.0000	0.0000	-2.6219	5.1829	0.7926	0.1638
	-59.00	69.00	12.52	1.39	13.61	5.48	5.26	4.44907	-75.19918	2.00	11.0000	74.0000	0.0000	0.0000	0.0000	-1.3414	-1.0365	0.0000	0.1614
	-59.00	65.00	12.40	0.04	14.97	5.19	5.30	4.44907	-75.19918	2.00	11.0000	72.0000	0.0000	0.0000	0.0000	-1.4024	-2.0731	-1.0975	0.1581
	-71.00	69.00	12.41	-1.04	16.29	4.97	5.36	4.44907	-75.19918	2.00	5.0000	74.0000	0.0000	0.0000	0.0000	-1.8292	1.8292	2.2560	0.1621
	-72.00	77.00	12.39	-1.77	17.23	4.97	5.41	4.44907	-75.19918	2.00	4.0000	78.0000	0.0000	0.0000	0.0000	-4.8780	-0.8536	3.2926	0.1676
	-74.00	77.00	12.40	-2.17	17.64	5.14	5.47	4.44907	-75.19918	2.00	3.0000	78.0000	0.0000	0.0000	0.0000	0.3658	-2.9268	-1.6463	0.1658
	-79.00	77.00	12.41	-2.33	18.00	5.35	5.56	4.44907	-75.19918	2.00	1.0000	78.0000	0.0000	0.0000	0.0000	-3.9024	-4.6951	1.3414	0.1669
	-81.00	72.00	12.51	-2.35	18.55	5.59	5.68	4.44907	-75.19918	2.00	0.0000	76.0000	0.0000	0.0000	0.0000	-1.5853	-3.4146	1.1585	0.1684
	-81.00	72.00	12.52	-2.30	18.91	5.81	5.82	4.44907	-75.19918	2.00	0.0000	76.0000	0.0000	0.0000	0.0000	-2.9268	1.2195	3.0487	0.1702
	-86.00	75.00	12.58	-2.23	18.51	5.99	5.95	4.44907	-75.19918	2.00	-3.0000	77.0000	0.0000	0.0000	0.0000	-2.8658	-1.0365	-0.8536	0.1698
	-88.00	70.00	12.39	-2.16	17.79	6.14	6.08	4.44907	-75.19918	2.00	-4.0000	75.0000	0.0000	0.0000	0.0000	-1.0975	-0.0609	0.2439	0.1717
	-85.00	70.00	12.52	-3.26	17.62	6.18	6.16	4.44908	-75.19918	2.00	-2.0000	75.0000	0.0000	0.0000	0.0000	-5.4878	8.9634	-19.7560	0.1493
	-90.00	71.00	12.36	-7.60	17.89	6.02	6.16	4.44908	-75.19918	2.00	-5.0000	75.0000	0.0000	0.0000	0.0000	-9.0853	-12.2560	-4.1463	0.1455
	-88.00	75.00	12.33	-14.29	18.37	5.69	6.04	4.44908	-75.19918	2.00	-4.0000	77.0000	0.0000	0.0000	0.0000	-7.8048	11.8292	-5.1829	0.1451
	-91.00	80.00	12.15	-20.06	19.55	5.29	5.76	4.44908	-75.19918	2.00	-5.0000	80.0000	0.0000	0.0000	0.0000	2.4390	0.6097	-6.4634	0.1431
	-91.00	79.00	12.26	-23.56	21.66	4.89	5.34	4.44908	-75.19918	2.00	-5.0000	79.0000	0.0000	0.0000	0.0000	2.0121	1.2195	-3.6585	0.1452
	-88.00	80.00	12.15	-25.07	24.32	4.54	4.89	4.44908	-75.19918	2.00	-4.0000	80.0000	0.0000	0.0000	0.0000	0.7926	2.3780	-5.4878	0.1457
	-91.00	79.00	12.07	-24.84	27.14	4.23	4.45	4.44908	-75.19918	2.00	-5.0000	79.0000	0.0000	0.0000	0.0000	-6.2804	-2.0731	-4.1463	0.1473
	-88.00	76.00	12.03	-23.44	29.87	3.95	4.09	4.44908	-75.19918	2.00	-4.0000	78.0000	0.0000	0.0000	0.0000	-1.7682	-0.6707	-4.8170	0.1483
	-92.00	82.00	12.14	-21.64	32.02	3.71	3.79	4.44908	-75.19918	2.00	-6.0000	81.0000	0.0000	0.0000	0.0000	-1.0365	-1.2195	-2.5000	0.1518
	-88.00	83.00	12.08	-19.93	33.55	3.51	3.56	4.44908	-75.19918	2.00	-4.0000	81.0000	0.0000	0.0000	0.0000	-1.8292	-0.9146	-4.8170	0.1519
	-88.00	81.00	12.05	-18.47	34.67	3.33	3.47	4.44908	-75.19918	2.00	-4.0000	80.0000	0.0000	0.0000	0.0000	-2.1951	1.0975	-5.1829	0.1514
	-66.00	77.00	12.12	-17.14	35.09	3.17	3.51	4.44908	-75.19918	2.00	7.0000	78.0000	0.0000	0.0000	0.0000	-3.1707	0.0000	-4.5731	0.1571
	-46.00	67.00	12.05	-15.32	34.99	3.08	3.58	4.44908	-75.19918	2.00	17.0000	73.0000	0.0000	0.0000	0.0000	0.2439	-12.5000	3.8414	0.1717
	-34.00	58.00	12.29	-12.24	34.63	3.14	3.64	4.44908	-75.19918	2.00	23.0000	69.0000	0.0000	0.0000	0.0000	3.9024	6.8292	8.0487	0.1890
	-22.00	55.00	13.09	-8.46	33.18	3.31	3.70	4.44908	-75.19918	2.00	29.0000	67.0000	0.0000	0.0000	0.0000	-0.9756	1.5243	0.0609	0.1972
	-22.00	53.00	12.58	-5.10	30.61	3.44	3.72	4.44908	-75.19918	2.00	29.0000	66.0000	0.0000	0.0000	0.0000	-4.2073	2.0121	-3.3536	0.1919
	-17.00	54.00	12.19	-2.80	28.24	3.55	3.68	4.44908	-75.19918	2.00	32.0000	67.0000	0.0000	0.0000	0.0000	-1.0365	-1.6463	0.3658	0.1906
	-16.00	54.00	12.15	-1.61	26.87	3.69	3.65	4.44909	-75.19918	2.00	32.0000	67.0000	0.0000	0.0000	0.0000	1.7682	3.3536	2.0731	0.1943
	-12.00	53.00	12.71	-1.06	25.67	3.88	3.71	4.44909	-75.19918	2.00	34.0000	66.0000	0.0000	0.0000	0.0000	-0.6707	-0.2439	1.3414	0.1974
	-13.00	49.00	12.21	-0.81	23.84	4.16	3.83	4.44909	-75.19918	2.00	34.0000	64.0000	0.0000	0.0000	0.0000	-1.0975	-1.5243	-1.8902	0.1956
	-9.00	51.00	12.32	-0.87	22.15	4.54	3.98	4.44909	-75.19918	2.00	36.0000	65.0000	0.0000	0.0000	0.0000	-0.3658	-0.2439	3.3536	0.1997
	-7.00	50.00	12.64	-0.94	20.45	4.88	4.12	4.44909	-75.19918	2.00	37.0000	65.0000	0.0000	0.0000	0.0000	1.4634	6.2195	3.1707	0.1959
	-8.00	50.00	12.71	-0.70	17.76	5.03	4.26	4.44909	-75.19918	2.00	36.0000	65.0000	0.0000	0.0000	0.0000	1.8292	-0.3048	2.6829	0.1919
	-12.00	50.00	12.36	-0.55	15.04	5.05	4.39	4.44909	-75.19918	2.00	34.0000	65.0000	0.0000	0.0000	0.0000	2.1951	-2.1341	0.9146	0.1900
	-9.00	50.00	12.44	-0.77	13.70	5.05	4.51	4.44909	-75.19918	2.00	36.0000	65.0000	0.0000	0.0000	0.0000	0.7317	0.1829	0.3048	0.1874
	-8.00	50.00	12.69	-0.88	13.04	5.05	4.62	4.44909	-75.19918	2.00	36.0000	65.0000	0.0000	0.0000	0.0000	-3.1097	-1.0975	1.5243	0.1856
	-6.00	55.00	13.02	-0.44	11.64	5.09	4.69	4.44909	-75.19918	2.00	37.0000	67.0000	0.0000	0.0000	0.0000	-2.8658	-1.4024	1.0365	0.1813
	-4.00	50.00	12.44	0.01	10.22	5.15	4.75	4.44909	-75.19918	2.00	38.0000	65.0000	0.0000	0.0000	0.0000	-2.3780	-0.9146	1.2804	0.1777
	-9.00	53.00	12.44	-0.09	10.17	5.22	4.82	4.44909	-75.19918	2.00	36.0000	66.0000	0.0000	0.0000	0.0000	-1.9512	2.1951	1.0365	0.1724
	-9.00	53.00	12.75	-0.27	10.55	5.26	4.90	4.44909	-75.19918	2.00	36.0000	66.0000	0.0000	0.0000	0.0000	1.4024	4.2073	0.7317	0.1673
	-9.00	54.00	12.43	-0.14	10.16	5.28	5.01	4.44909	-75.19918	2.00	36.0000	67.0000	0.0000	0.0000	0.0000	-1.1585	3.4756	1.3414	0.1676
	-4.00	53.00	12.50	-0.20	9.72	5.31	5.11	4.44909	-75.19918	2.00	38.0000	66.0000	0.0000	0.0000	0.0000	0.4878	-2.8658	2.9878	0.1699
	-13.00	51.00	12.64	-0.66	10.04	5.37	5.20	4.44909	-75.19918	2.00	34.0000	65.0000	0.0000	0.0000	0.0000	-6.8292	1.4024	2.0121	0.1660
	-12.00	51.00	12.91	-0.88	10.42	5.46	5.24	4.44909	-75.19918	2.00	34.0000	65.0000	0.0000	0.0000	0.0000	-4.6951	3.8414	1.2804	0.1627
	-8.00	48.00	12.86	-0.65	9.70	5.56	5.26	4.44909	-75.19918	2.00	36.0000	64.0000	0.0000	0.0000	0.0000	-6.2195	6.0975	-0.1829	0.1578
	-12.00	50.00	12.43	-0.56	8.43	5.63	5.25	4.44909	-75.19918	2.00	34.0000	65.0000	0.0000	0.0000	0.0000	-2.1341	-3.8414	2.5000	0.1563
	-13.00	51.00	12.66	-0.53	7.27	5.68	5.26	4.44909	-75.19918	2.00	34.0000	65.0000	0.0000	0.0000	0.0000	1.0975	5.0609	1.4024	0.1547
	-9.00	51.00	12.80	0.05	5.82	5.72	5.33	4.44909	-75.19918	2.00	36.0000	65.0000	0.0000	0.0000	0.0000	-5.3658	-2.9878	2.9878	0.1549
