	0.00	-3.00	13.00	-2.10	-1.88	0.00	0.00	4.44914	-75.19919	2.00	40.0000	39.0000	0.0000	0.0000	0.0000	-1.2195	-0.1219	-0.1829	-2.6173
	0.00	-4.00	12.90	-1.41	-0.96	-0.12	0.00	4.44914	-75.19919	2.00	40.0000	38.0000	0.0000	0.0000	0.0000	-0.7926	-6.5853	-4.6341	-2.6221
	0.00	-1.00	12.84	0.63	2.01	0.15	0.38	4.44914	-75.19919	2.00	40.0000	40.0000	0.0000	0.0000	0.0000	-3.9024	-1.2804	3.3536	-2.6237
	0.00	-3.00	13.04	3.58	6.29	0.69	0.27	4.44914	-75.19919	2.00	40.0000	39.0000	0.0000	0.0000	0.0000	1.4634	2.5609	5.7317	-2.6217
	-1.00	-3.00	12.84	7.56	9.96	1.17	0.25	4.44914	-75.19919	2.00	40.0000	39.0000	0.0000	0.0000	0.0000	0.6097	-1.2804	-3.9634	-2.6560
	0.00	-4.00	12.80	12.29	11.61	1.38	0.36	4.44914	-75.19919	2.00	40.0000	38.0000	0.0000	0.0000	0.0000	-4.0853	1.7073	-2.9268	-2.6870
	-1.00	-1.00	12.82	15.81	11.34	1.46	0.58	4.44914	-75.19919	2.00	40.0000	40.0000	0.0000	0.0000	0.0000	-0.8536	1.7682	2.0731	-2.7107
	-2.00	-7.00	12.68	17.06	10.17	1.52	0.90	4.44914	-75.19919	2.00	39.0000	37.0000	0.0000	0.0000	0.0000	-0.7317	0.7317	2.1341	-2.7340
	-1.00	-7.00	12.58	16.73	8.65	1.63	1.24	4.44914	-75.19919	2.00	40.0000	37.0000	0.0000	0.0000	0.0000	-0.9756	3.7195	1.0975	-2.7293
	-3.00	-4.00	12.71	16.09	6.84	1.77	1.56	4.44914	-75.19919	2.00	39.0000	38.0000	0.0000	0.0000	0.0000	-1.4024	0.3658	-0.4878	-2.7267
	-7.00	-7.00	12.72	15.68	4.97	1.92	1.79	4.44914	-75.19919	2.00	37.0000	37.0000	0.0000	0.0000	0.0000	-2.7439	1.0365	-0.0609	-2.7268
	-1.00	-11.00	12.95	14.94	3.53	2.06	1.95	4.44914	-75.19919	2.00	40.0000	35.0000	0.0000	0.0000	0.0000	-2.4390	0.5487	2.1951	-2.7248
	-3.00	-9.00	12.66	13.67	2.45	2.19	2.06	4.44914	-75.19919	2.00	39.0000	36.0000	0.0000	0.0000	0.0000	-0.4268	0.0609	1.2195	-2.7242
	-7.00	-8.00	12.66	12.68	1.36	2.32	2.13	4.44914	-75.19919	2.00	37.0000	36.0000	0.0000	0.0000	0.0000	1.7682	1.8292	-0.1829	-2.7246
	-1.00	-9.00	12.72	12.48	0.45	2.43	2.18	4.44914	-75.19919	2.00	40.0000	36.0000	0.0000	0.0000	0.0000	-0.5487	-0.9756	0.3048	-2.7235
	-2.00	-9.00	12.79	12.19	0.14	2.52	2.25	4.44914	-75.19919	2.00	39.0000	36.0000	0.0000	0.0000	0.0000	-2.3170	-0.9756	1.5853	-2.7213
	-7.00	-9.00	12.62	11.28	0.34	2.60	2.33	4.44914	-75.19919	2.00	37.0000	36.0000	0.0000	0.0000	0.0000	-1.9512	-0.4878	2.3780	-2.7183
	-3.00	-7.00	12.73	10.51	0.31	2.67	2.42	4.44914	-75.19919	2.00	39.0000	37.0000	0.0000	0.0000	0.0000	0.1219	-0.4878	0.5487	-2.7180
	-2.00	-8.00	12.73	10.41	-0.05	2.75	2.51	4.44914	-75.19919	2.00	39.0000	36.0000	0.0000	0.0000	0.0000	-3.4146	-2.0731	1.0975	-2.7171
	-2.00	-7.00	12.71	10.44	-0.42	2.81	2.56	4.44914	-75.19919	2.00	39.0000	37.0000	0.0000	0.0000	0.0000	-1.8902	-2.0121	0.7317	-2.7165
	-3.00	-6.00	12.68	10.07	-0.80	2.86	2.58	4.44914	-75.19919	2.00	39.0000	37.0000	0.0000	0.0000	0.0000	-2.0731	-0.8536	1.7073	-2.7147
	-2.00	-8.00	12.72	9.63	-1.19	2.90	2.58	4.44914	-75.19919	2.00	39.0000	36.0000	0.0000	0.0000	0.0000	0.0609	-1.2804	1.4634	-2.7110
	0.00	-6.00	12.84	9.62	-1.36	2.93	2.57	4.44914	-75.19919	2.00	40.0000	37.0000	0.0000	0.0000	0.0000	-2.3170	-1.4634	2.1341	-2.7063
	-2.00	-7.00	12.75	9.71	-1.27	2.97	2.57	4.44914	-75.19919	2.0	39.0000	37.0000	0.0000	0.0000	0.0000	-0.6707	-2.8658	2.1341	-2.7028
	-6.00	-8.00	12.72	9.49	-1.21	3.00	2.59	4.44914	-75.19919	2.0	37.0000	36.0000	0.0000	0.0000	0.0000	-4.0853	1.5853	0.2439	-2.7013
	-2.00	-9.00	12.76	9.23	-1.30	3.04	2.61	4.44914	-75.19919	2.00	39.0000	36.0000	0.0000	0.0000	0.0000	0.9146	-2.7439	-0.5487	-2.7003
	-7.00	-8.00	12.76	9.09	-1.23	3.07	2.64	4.44914	-75.19919	2.00	37.0000	36.0000	0.0000	0.0000	0.0000	-2.3170	2.5000	1.7073	-2.6973
	-4.00	-9.00	12.65	8.63	-0.76	3.10	2.68	4.44914	-75.19919	2.00	38.0000	36.0000	0.0000	0.0000	0.0000	-0.0609	-3.1707	2.0731	-2.6953
	-8.00	-9.00	12.64	7.87	-0.32	3.13	2.74	4.44914	-75.19919	2.00	36.0000	36.0000	0.0000	0.0000	0.0000	-0.9756	1.2195	1.8902	-2.6938
	-7.00	-11.00	12.65	7.41	-0.32	3.17	2.81	4.44914	-75.19919	2.00	37.0000	35.0000	0.0000	0.0000	0.0000	1.6463	2.3780	0.5487	-2.6940
	-3.00	-13.00	12.71	7.07	-0.27	3.21	2.88	4.44914	-75.19919	2.00	39.0000	34.0000	0.0000	0.0000	0.0000	-1.1585	1.5243	1.2804	-2.6930
	-9.00	-9.00	12.66	6.42	0.25	3.24	2.95	4.44914	-75.19919	2.00	36.0000	36.0000	0.0000	0.0000	0.0000	1.9512	1.5243	2.8658	-2.6869
	-3.00	-11.00	12.55	5.77	0.56	3.27	3.02	4.44914	-75.19919	2.00	39.0000	35.0000	0.0000	0.0000	0.0000	0.7926	2.3170	1.3414	-2.6826
	-6.00	-9.00	12.80	5.73	0.26	3.29	3.07	4.44914	-75.19919	2.00	37.0000	36.0000	0.0000	0.0000	0.0000	-3.4146	-0.8536	1.0365	-2.6807
	-4.00	-6.00	12.64	6.10	-0.01	3.31	3.09	4.44914	-75.19919	2.00	38.0000	37.0000	0.0000	0.0000	0.0000	-0.9756	1.2804	2.0731	-2.6780
	-7.00	-6.00	12.68	6.13	0.19	3.33	3.08	4.44914	-75.19919	2.00	37.0000	37.0000	0.0000	0.0000	0.0000	-2.0731	-0.1829	0.7317	-2.6768
	-2.00	-4.00	12.54	5.82	0.34	3.35	3.07	4.44914	-75.19919	2.00	39.0000	38.0000	0.0000	0.0000	0.0000	0.3658	0.1219	1.4024	-2.6737
	-3.00	-6.00	12.94	6.05	0.02	3.38	3.07	4.44914	-75.19919	2.00	39.0000	37.0000	0.0000	0.0000	0.0000	2.5609	1.5243	1.5853	-2.6674
	-7.00	-6.00	12.52	6.85	-0.18	3.42	3.09	4.44914	-75.19919	2.00	37.0000	37.0000	0.0000	0.0000	0.0000	-0.7317	1.0975	2.0731	-2.6610
	-2.00	-8.00	12.72	6.96	0.23	3.45	3.14	4.44914	-75.19919	2.00	39.0000	36.0000	0.0000	0.0000	0.0000	1.1585	0.9146	0.0609	-2.6570
	-7.00	-8.00	12.69	6.27	0.68	3.49	3.20	4.44914	-75.19919	2.00	37.0000	36.0000	0.0000	0.0000	0.0000	-2.0731	-0.0609	0.6097	-2.6556
	-4.00	-12.00	12.73	5.93	0.52	3.53	3.28	4.44914	-75.19919	2.00	38.0000	34.0000	0.0000	0.0000	0.0000	1.2804	2.5000	1.5853	-2.6532
	-7.00	-9.00	12.61	5.97	0.30	3.55	3.34	4.44913	-75.19918	2.00	37.0000	36.0000	0.0000	0.0000	0.0000	-2.8658	0.2439	3.3536	-2.6494
	-6.00	-11.00	12.61	5.57	0.70	3.57	3.36	4.44913	-75.19918	2.00	37.0000	35.0000	0.0000	0.0000	0.0000	-1.2804	2.6219	0.4878	-2.6488
	-9.00	-7.00	12.59	4.79	1.17	3.58	3.35	4.44913	-75.19918	2.00	36.0000	37.0000	0.0000	0.0000	0.0000	1.4024	-0.3048	-0.4268	-2.6489
	-8.00	-9.00	12.50	3.93	1.52	3.57	3.32	4.44913	-75.19918	2.00	36.0000	36.0000	0.0000	0.0000	0.0000	-2.1341	0.9146	2.0121	-2.6457
	-3.00	-11.00	12.61	2.87	2.43	3.56	3.29	4.44913	-75.19918	2.00	39.0000	35.0000	0.0000	0.0000	0.0000	2.3780	-0.4878	0.3048	-2.6456
	-7.00	-7.00	12.52	1.88	3.55	3.56	3.27	4.44913	-75.19918	2.00	37.0000	37.0000	0.0000	0.0000	0.0000	-3.5975	-2.0731	2.8658	-2.6426
	-6.00	-8.00	12.91	1.50	3.96	3.57	3.25	4.44913	-75.19918	2.00	37.0000	36.0000	0.0000	0.0000	0.0000	-2.5000	-0.7926	1.4634	-2.6398
	-4.00	-9.00	12.79	1.51	3.92	3.60	3.23	4.44913	-75.19918	2.00	38.0000	36.0000	0.0000	0.0000	0.0000	0.9146	-0.8536	1.4634	-2.6371
	-4.00	-9.00	12.58	1.32	4.35	3.64	3.26	4.44913	-75.19918	2.00	38.0000	36.0000	0.0000	0.0000	0.0000	-1.3414	1.8292	1.8292	-2.6349
	-7.00	-6.00	12.69	1.05	4.98	3.66	3.29	4.44913	-75.19918	2.00	37.0000	37.0000	0.0000	0.0000	0.0000	-4.5731	2.7439	1.2195	-2.6334
	-4.00	-8.00	12.64	1.25	4.79	3.67	3.30	4.44913	-75.19918	2.00	38.0000	36.0000	0.0000	0.0000	0.0000	0.8536	-2.9878	2.1341	-2.6297
	-4.00	-9.00	12.73	1.67	4.11	3.67	3.30	4.44913	-75.19918	2.00	38.0000	36.0000	0.0000	0.0000	0.0000	-2.6219	4.2682	2.9268	-2.6257
	-7.00	-6.00	12.52	1.56	4.19	3.67	3.31	4.44913	-75.19918	2.00	37.0000	37.0000	0.0000	0.0000	0.0000	-1.1585	-1.1585	1.7073	-2.6229
	-7.00	-6.00	12.65	1.07	4.82	3.68	3.33	4.44913	-75.19918	2.00	37.0000	37.0000	0.0000	0.0000	0.0000	-0.0609	-1.0365	0.6707	-2.6237
	-2.00	-9.00	12.71	0.93	4.82	3.67	3.34	4.44913	-75.19918	2.00	39.0000	36.0000	0.0000	0.0000	0.0000	-2.7439	-0.0609	0.6097	-2.6242
	-2.00	-11.00	12.76	1.09	4.25	3.67	3.34	4.44913	-75.19918	2.00	39.0000	35.0000	0.0000	0.0000	0.0000	2.2560	-3.7804	1.4024	-2.6240
	-9.00	-9.00	12.64	0.98	4.12	3.67	3.34	4.44913	-75.19918	2.00	36.0000	36.0000	0.0000	0.0000	0.0000	-0.1219	3.2926	2.3780	-2.6225
	-6.00	-13.00	12.66	0.69	4.46	3.67	3.34	4.44913	-75.19918	2.00	37.0000	34.0000	0.0000	0.0000	0.0000	-2.4390	-0.1829	0.4268	-2.6193
	-3.00	-12.00	12.58	0.37	5.05	3.68	3.35	4.44913	-75.19918	2.00	39.0000	34.0000	0.0000	0.0000	0.0000	0.7317	-2.8658	1.0365	-2.6157
	-7.00	-12.00	12.73	-0.15	6.10	3.69	3.39	4.44913	-75.19918	2.00	37.0000	34.0000	0.0000	0.0000	0.0000	-3.6585	0.9756	1.7073	-2.6125
	-4.00	-8.00	12.80	-0.75	7.19	3.71	3.43	4.44913	-75.19918	2.00	38.0000	36.0000	0.0000	0.0000	0.0000	-0.4878	0.9756	2.1951	-2.6090
	-4.00	-12.00	12.66	-0.98	7.53	3.73	3.45	4.44913	-75.19918	2.00	38.0000	34.0000	0.0000	0.0000	0.0000	0.5487	-2.4390	2.2560	-2.6046
	-4.00	-11.00	12.52	-0.79	7.13	3.76	3.48	4.44913	-75.19918	2.00	38.0000	35.0000	0.0000	0.0000	0.0000	-3.8414	0.0609	2.1341	-2.6009
	-11.00	-9.00	12.61	-0.73	7.00	3.78	3.52	4.44913	-75.19918	2.00	35.0000	36.0000	0.0000	0.0000	0.0000	0.1829	0.1219	2.1951	-2.5981
	-4.00	-9.00	12.66	-1.01	7.40	3.79	3.56	4.44913	-75.19918	2.00	38.0000	36.0000	0.0000	0.0000	0.0000	3.0487	1.2195	-0.1829	-2.5978
	-7.00	-6.00	12.57	-1.09	7.36	3.79	3.58	4.44913	-75.19918	2.00	37.0000	37.0000	0.0000	0.0000	0.0000	-4.2682	-1.2195	2.1341	-2.5959
	-3.00	-7.00	12.62	-0.76	6.69	3.77	3.59	4.44913	-75.19918	2.00	39.0000	37.0000	0.0000	0.0000	0.0000	-0.4878	0.4268	2.4390	-2.5935
	-3.00	-9.00	12.61	-0.62	6.58	3.76	3.60	4.44913	-75.19918	2.00	39.0000	36.0000	0.0000	0.0000	0.0000	-2.6829	0.4268	2.3780	-2.5914
	-4.00	-7.00	12.75	-0.88	7.24	3.75	3.61	4.44913	-75.19918	2.00	38.0000	37.0000	0.0000	0.0000	0.0000	-0.5487	0.9756	1.4024	-2.5904
	-4.00	-12.00	12.59	-0.99	7.36	3.75	3.61	4.44913	-75.19918	2.00	38.0000	34.0000	0.0000	0.0000	0.0000	-1.4634	0.3658	1.0975	-2.5874
	-8.00	-6.00	12.61	-0.72	6.72	3.73	3.62	4.44913	-75.19918	2.00	36.0000	37.0000	0.0000	0.0000	0.0000	-0.5487	0.2439	0.3658	-2.5853
	-2.00	-7.00	12.69	-0.62	6.59	3.71	3.62	4.44913	-75.19918	2.00	39.0000	37.0000	0.0000	0.0000	0.0000	-1.2804	2.2560	0.8536	-2.5831
	-8.00	-8.00	13.01	-0.88	7.17	3.67	3.60	4.44913	-75.19918	2.00	36.0000	36.0000	0.0000	0.0000	0.0000	-0.4878	2.0731	2.0121	-2.5801
	-6.00	-9.00	12.50	-1.21	7.68	3.66	3.56	4.44912	-75.19918	2.00	37.0000	36.0000	0.0000	0.0000	0.0000	0.6097	-0.3658	2.8658	-2.5760
	-12.00	-7.00	12.64	-1.53	8.19	3.65	3.50	4.44912	-75.19918	2.00	34.0000	37.0000	0.0000	0.0000	0.0000	1.4024	1.7682	1.8292	-2.5731
	-3.00	-11.00	12.57	-1.80	8.94	3.66	3.44	4.44912	-75.19918	2.00	39.0000	35.0000	0.0000	0.0000	0.0000	-3.1707	-3.0487	0.9146	-2.5710
	-8.00	-9.00	12.58	-1.90	9.38	3.66	3.39	4.44912	-75.19918	2.00	36.0000	36.0000	0.0000	0.0000	0.0000	0.0000	1.4024	-0.6097	-2.5715
	-6.00	-9.00	12.55	-1.81	9.13	3.66	3.37	4.44912	-75.19918	2.00	37.0000	36.0000	0.0000	0.0000	0.0000	-2.2560	-0.9756	2.0731	-2.5693
	12.00	-6.00	12.51	-1.75	8.64	3.66	3.38	4.44912	-75.19918	2.00	46.0000	37.0000	0.0000	0.0000	0.0000	-0.6097	-0.9756	1.8902	-2.5672
	17.00	8.00	12.59	-1.79	8.52	3.66	3.39	4.44912	-75.19918	2.00	48.0000	44.0000	0.0000	0.0000	0.0000	-3.9634	-0.3048	3.5365	-2.5635
	37.00	33.00	12.51	-1.62	8.65	3.68	3.41	4.44912	-75.19918	2.00	58.0000	56.0000	0.0000	0.0000	0.0000	0.1219	0.1219	2.2560	-2.5603
	41.00	48.00	12.41	-0.85	9.10	3.72	3.46	4.44912	-75.19918	2.00	60.0000	64.0000	0.0000	0.0000	0.0000	-2.8048	-4.2682	0.9146	-2.5588
	55.00	76.00	12.51	0.27	10.73	3.78	3.56	4.44912	-75.19918	2.00	67.0000	78.0000	0.0000	0.0000	0.0000	-0.1219	3.8414	0.9146	-2.5680
	61.00	93.00	12.30	1.55	13.54	3.88	3.67	4.44912	-75.19918	2.00	70.0000	86.0000	0.0000	0.0000	0.0000	-2.5000	-6.0975	0.7926	-2.5759
	76.00	112.00	11.86	3.57	16.86	4.02	3.85	4.44912	-75.19918	2.00	78.0000	96.0000	0.0000	0.0000	0.0000	1.2804	-4.3902	-0.3658	-2.5764
	85.00	123.00	11.96	6.13	20.28	4.23	4.13	4.44912	-75.19918	2.00	82.0000	100.0000	0.0000	0.0000	0.0000	-7.7439	0.4268	0.7926	-2.5762
	107.00	137.00	11.97	8.05	23.07	4.51	4.48	4.44912	-75.19918	2.00	93.0000	100.0000	0.0000	0.0000	0.0000	-6.0365	-0.3048	5.3048	-2.5718
	113.00	134.00	11.91	9.74	24.46	4.89	4.98	4.44912	-75.19918	2.00	96.0000	100.0000	0.0000	0.0000	0.0000	-1.9512	2.6219	5.7926	-2.5664
	125.00	138.00	11.89	12.11	24.96	5.34	5.63	4.44912	-75.19918	2.00	100.0000	100.0000	0.0000	0.0000	0.0000	-5.0000	8.0487	-1.2195	-2.5710
	134.00	132.00	11.96	14.70	25.33	5.83	6.23	4.44912	-75.19918	2.00	100.0000	100.0000	0.0000	0.0000	0.0000	0.0000	-9.6341	0.9756	-2.5680
	132.00	132.00	11.89	16.98	25.21	6.34	6.68	4.44911	-75.19918	2.00	100.0000	100.0000	0.0000	0.0000	0.0000	-4.0853	3.8414	4.2682	-2.5657
	129.00	129.00	12.00	18.29	24.36	6.87	7.07	4.44911	-75.19918	2.00	100.0000	100.0000	0.0000	0.0000	0.0000	-0.8536	-0.2439	1.5243	-2.5657
	129.00	124.00	12.07	18.19	22.95	7.38	7.45	4.44911	-75.19918	2.00	100.0000	100.0000	0.0000	0.0000	0.0000	2.7439	1.4024	2.5609	-2.5628
	129.00	129.00	12.01	17.14	21.18	7.85	7.85	4.44911	-75.19918	2.00	100.0000	100.0000	0.0000	0.0000	0.0000	2.1341	2.1341	4.9390	-2.5588
	129.00	128.00	12.29	15.69	19.31	8.25	8.21	4.44911	-75.19918	2.00	100.0000	100.0000	0.0000	0.0000	0.0000	-3.9634	-8.9634	6.5853	-2.5519
	123.00	127.00	12.22	14.14	17.45	8.63	8.52	4.44911	-75.19918	2.00	100.0000	100.0000	0.0000	0.0000	0.0000	-0.7926	6.3414	1.4024	-2.5533
	124.00	127.00	12.23	12.69	15.68	8.96	8.74	4.44911	-75.19918	2.00	100.0000	100.0000	0.0000	0.0000	0.0000	-4.5121	5.2439	4.7560	-2.5508
	127.00	123.00	12.33	11.31	14.07	9.24	8.89	4.44911	-75.19918	2.00	100.0000	100.0000	0.0000	0.0000	0.0000	-4.8780	-3.6585	5.0609	-2.5481
	127.00	122.00	12.26	10.04	12.75	9.49	9.03	4.44911	-75.19918	2.00	100.0000	100.0000	0.0000	0.0000	0.0000	3.5365	6.0365	4.0853	-2.5451
	127.00	129.00	12.39	8.92	11.76	9.73	9.18	4.44911	-75.19918	2.00	100.0000	100.0000	0.0000	0.0000	0.0000	-2.9268	-1.4634	2.9268	-2.5470
	124.00	127.00	12.61	7.89	10.94	9.95	9.36	4.44911	-75.19918	2.00	100.0000	100.0000	0.0000	0.0000	0.0000	-8.8414	-2.7439	5.9756	-2.5458
	127.00	129.00	12.29	7.01	10.26	10.15	9.56	4.44911	-75.19918	2.00	100.0000	100.0000	0.0000	0.0000	0.0000	5.7926	-2.2560	2.4390	-2.5447
	127.00	129.00	12.25	6.25	9.78	10.32	9.75	4.44911	-75.19918	2.00	100.0000	100.0000	0.0000	0.0000	0.0000	0.5487	7.7439	5.2439	-2.5424
	127.00	127.00	12.46	5.66	9.56	10.43	9.93	4.44911	-75.19918	2.00	100.0000	100.0000	0.0000	0.0000	0.0000	2.9878	6.0975	6.9512	-2.5364
	127.00	127.00	12.52	5.25	9.42	10.51	10.06	4.44911	-75.19918	2.00	100.0000	100.0000	0.0000	0.0000	0.0000	1.6463	-4.3292	3.7804	-2.5342
	120.00	125.00	12.43	4.96	9.11	10.57	10.08	4.44911	-75.19918	2.00	100.0000	100.0000	0.0000	0.0000	0.0000	2.1951	0.1829	1.7682	-2.5411
	120.00	118.00	12.29	4.80	8.66	10.66	10.04	4.44910	-75.19918	2.00	100.0000	99.0000	0.0000	0.0000	0.0000	-4.5731	-4.5731	2.7439	-2.5452
	127.00	119.00	12.34	4.83	8.10	10.74	10.02	4.44910	-75.19918	2.00	100.0000	99.0000	0.0000	0.0000	0.0000	-10.3048	-5.2439	5.5487	-2.5454
	123.00	120.00	12.44	4.88	7.48	10.82	10.01	4.44910	-75.19918	2.00	100.0000	100.0000	0.0000	0.0000	0.0000	-1.5853	-6.0975	4.6951	-2.5352
	120.00	123.00	12.40	4.78	6.99	10.91	9.98	4.44910	-75.19918	2.00	100.0000	100.0000	0.0000	0.0000	0.0000	-1.2195	3.8414	6.6463	-2.5265
	124.00	120.00	12.41	4.52	6.68	11.00	9.97	4.44910	-75.19918	2.00	100.0000	100.0000	0.0000	0.0000	0.0000	-7.5000	1.7682	5.0000	-2.5199
	122.00	118.00	12.59	4.09	6.44	11.08	9.96	4.44910	-75.19918	2.00	100.0000	99.0000	0.0000	0.0000	0.0000	2.8658	-3.1097	3.6585	-2.5136
	120.00	123.00	12.48	3.63	6.19	11.13	10.01	4.44910	-75.19918	2.00	100.0000	100.0000	0.0000	0.0000	0.0000	5.3048	0.6097	3.0487	-2.5026
	124.00	120.00	12.50	3.37	5.99	11.13	10.12	4.44910	-75.19918	2.00	100.0000	100.0000	0.0000	0.0000	0.0000	-2.8048	0.4268	4.1463	-2.4917
	120.00	123.00	12.39	3.29	5.87	11.10	10.21	4.44910	-75.19918	2.00	100.0000	100.0000	0.0000	0.0000	0.0000	-3.7804	-2.5000	4.5121	-2.4799
	127.00	129.00	12.36	3.32	5.87	11.08	10.25	4.44910	-75.19918	2.00	100.0000	100.0000	0.0000	0.0000	0.0000	1.6463	0.7317	2.2560	-2.4709
	124.00	129.00	12.52	3.34	5.91	11.09	10.24	4.44910	-75.19918	2.00	100.0000	100.0000	0.0000	0.0000	0.0000	-2.8048	-0.7926	3.9634	-2.4596
	124.00	127.00	12.75	3.34	5.83	11.10	10.24	4.44910	-75.19918	2.00	100.0000	100.0000	0.0000	0.0000	0.0000	2.1341	-4.6341	6.4024	-2.4461
	122.00	127.00	12.44	3.39	5.78	11.12	10.24	4.44910	-75.19918	2.00	100.0000	100.0000	0.0000	0.0000	0.0000	5.6097	8.7804	4.5121	-2.4301
	127.00	124.00	12.43	3.44	5.82	11.15	10.24	4.44910	-75.19918	2.00	100.0000	100.0000	0.0000	0.0000	0.0000	-0.4878	-0.9756	7.8658	-2.4110
	124.00	124.00	12.82	3.38	5.79	11.18	10.25	4.44910	-75.19918	2.00	100.0000	100.0000	0.0000	0.0000	0.0000	-4.6341	3.1097	7.9268	-2.3812
	127.00	127.00	12.52	3.29	5.74	11.21	10.31	4.44910	-75.19918	2.00	100.0000	100.0000	0.0000	0.0000	0.0000	-8.4756	3.2926	3.9024	-2.3570
	123.00	124.00	12.41	3.38	5.80	11.21	10.37	4.44910	-75.19918	2.00	100.0000	100.0000	0.0000	0.0000	0.0000	3.1097	5.5487	3.5975	-2.3299
	119.00	124.00	12.46	3.63	5.90	11.17	10.44	4.44908	-75.19918	2.00	99.0000	100.0000	0.0000	0.0000	0.0000	0.3658	-3.1097	3.5365	-2.3032
	122.00	120.00	12.44	3.71	5.94	11.13	10.53	4.44908	-75.19918	2.00	100.0000	100.0000	0.0000	0.0000	0.0000	7.3170	-3.6585	4.5731	-2.2931
	120.00	122.00	12.47	3.49	5.92	11.11	10.57	4.44908	-75.19918	2.00	100.0000	100.0000	0.0000	0.0000	0.0000	-1.0365	1.3414	4.6341	-2.2838
	124.00	120.00	12.46	3.25	5.87	11.12	10.57	4.44908	-75.19918	2.00	100.0000	100.0000	0.0000	0.0000	0.0000	0.2439	-2.3170	6.1585	-2.2649
	120.00	124.00	12.58	3.14	5.74	11.16	10.56	4.44908	-75.19918	2.00	100.0000	100.0000	0.0000	0.0000	0.0000	1.2804	-1.3414	6.0975	-2.2470
	123.00	120.00	12.43	3.09	5.50	11.20	10.56	4.44908	-75.19918	2.00	100.0000	100.0000	0.0000	0.0000	0.0000	0.0000	5.6097	6.0365	-2.2296
	120.00	123.00	12.54	3.03	5.25	11.24	10.58	4.44908	-75.19918	2.00	100.0000	100.0000	0.0000	0.0000	0.0000	-2.9268	-2.3780	4.7560	-2.2134
	120.00	120.00	12.52	2.88	5.04	11.29	10.60	4.44908	-75.19918	2.00	100.0000	100.0000	0.0000	0.0000	0.0000	-0.9756	-0.4268	3.7195	-2.1986
	120.00	123.00	12.55	2.79	4.89	11.32	10.64	4.44908	-75.19918	2.00	100.0000	100.0000	0.0000	0.0000	0.0000	-6.1585	11.9512	2.9878	-2.1883
	127.00	127.00	12.57	2.86	4.92	11.29	10.71	4.44908	-75.19918	2.00	100.0000	100.0000	0.0000	0.0000	0.0000	1.0365	-14.0853	5.9146	-2.1726
	123.00	124.00	12.51	2.93	5.02	11.25	10.82	4.44908	-75.19918	2.00	100.0000	100.0000	0.0000	0.0000	0.0000	3.7195	4.6341	4.0243	-2.1603
	127.00	125.00	12.43	3.09	5.10	11.21	11.00	4.44908	-75.19918	2.00	100.0000	100.0000	0.0000	0.0000	0.0000	-4.3292	-7.8658	7.0121	-2.1438
	118.00	107.00	12.48	3.30	5.27	11.20	11.17	4.44908	-75.19918	2.00	99.0000	93.0000	0.0000	0.0000	0.0000	-1.2804	6.6463	2.9268	-2.1403
	109.00	96.00	12.73	3.32	5.10	11.21	11.24	4.44908	-75.19918	2.00	94.0000	88.0000	0.0000	0.0000	0.0000	-6.5853	2.0121	8.0487	-2.1309
	95.00	86.00	12.65	2.97	4.25	11.25	11.18	4.44908	-75.19918	2.00	87.0000	83.0000	0.0000	0.0000	0.0000	-0.7317	-9.6341	11.8902	-2.1168
	74.00	71.00	12.66	2.07	3.18	11.31	11.05	4.44908	-75.19918	2.00	77.0000	75.0000	0.0000	0.0000	0.0000	0.4268	5.6097	2.0121	-2.1142
	55.00	61.00	12.68	0.80	2.24	11.33	10.90	4.44908	-75.19918	2.00	67.0000	70.0000	0.0000	0.0000	0.0000	-3.5365	-6.1585	4.3292	-2.1082
	40.00	50.00	12.68	-0.41	1.34	11.26	10.75	4.44907	-75.19916	2.00	60.0000	65.0000	0.0000	0.0000	0.0000	-0.3048	-0.9756	3.4146	-2.1038
	28.00	40.00	12.61	-1.24	0.65	11.09	10.61	4.44907	-75.19916	2.00	54.0000	60.0000	0.0000	0.0000	0.0000	-0.3048	8.5975	3.7195	-2.0985
	4.00	29.00	12.73	-1.60	0.55	10.85	10.51	4.44907	-75.19916	2.00	42.0000	54.0000	0.0000	0.0000	0.0000	-5.7317	1.7073	6.5243	-2.0903
	-4.00	18.00	12.64	-1.73	0.83	10.56	10.43	4.44907	-75.19916	2.00	38.0000	49.0000	0.0000	0.0000	0.0000	-2.6829	1.6463	4.0243	-2.0858
	-20.00	8.00	12.73	-1.84	0.92	10.34	10.32	4.44907	-75.19916	2.00	30.0000	44.0000	0.0000	0.0000	0.0000	-3.9024	-3.4756	4.1463	-2.0810
	-16.00	4.00	12.73	-1.90	0.88	10.24	10.17	4.44907	-75.19916	2.00	32.0000	42.0000	0.0000	0.0000	0.0000	-1.4024	0.0609	3.9634	-2.0764
	-19.00	7.00	13.00	-1.87	1.11	10.24	10.00	4.44907	-75.19916	2.00	31.0000	43.0000	0.0000	0.0000	0.0000	1.5853	-5.0609	6.5853	-2.0688
	-18.00	8.00	12.86	-1.86	1.47	10.26	9.78	4.44907	-75.19916	2.00	31.0000	44.0000	0.0000	0.0000	0.0000	-2.9878	4.0853	1.7682	-2.0661
	-16.00	3.00	12.79	-1.73	1.53	10.27	9.52	4.44907	-75.19916	2.00	32.0000	41.0000	0.0000	0.0000	0.0000	3.7804	-3.3536	6.4634	-2.0584
	-14.00	13.00	12.84	-1.30	1.20	10.25	9.27	4.44907	-75.19916	2.00	33.0000	46.0000	0.0000	0.0000	0.0000	2.7439	2.8048	6.2804	-2.0512
	-16.00	4.00	12.69	-0.91	0.88	10.18	9.08	4.44907	-75.19916	2.00	32.0000	42.0000	0.0000	0.0000	0.0000	4.4512	-5.1829	5.0609	-2.0443
	-17.00	2.00	12.77	-0.91	0.87	10.04	8.96	4.44907	-75.19916	2.00	32.0000	41.0000	0.0000	0.0000	0.0000	-0.2439	3.3536	4.0853	-2.0388
	-13.00	3.00	12.69	-1.00	0.91	9.86	8.87	4.44907	-75.19916	2.00	34.0000	41.0000	0.0000	0.0000	0.0000	-0.6097	-5.3048	3.5975	-2.0330
	-12.00	1.00	12.77	-0.86	0.84	9.68	8.77	4.44907	-75.19916	2.00	34.0000	40.0000	0.0000	0.0000	0.0000	-2.6219	10.6097	2.5609	-2.0290
	-16.00	-2.00	12.79	-0.71	0.97	9.50	8.66	4.44907	-75.19916	2.00	32.0000	39.0000	0.0000	0.0000	0.0000	-2.1341	-7.8658	5.7926	-2.0224
	-18.00	-1.00	12.73	-0.86	1.39	9.34	8.61	4.44907	-75.19916	2.00	31.0000	40.0000	0.0000	0.0000	0.0000	2.2560	1.1585	3.2317	-2.0186
	-17.00	-1.00	12.55	-0.97	1.61	9.18	8.60	4.44905	-75.19915	2.00	32.0000	40.0000	0.0000	0.0000	0.0000	-3.6585	2.6219	3.6585	-2.0132
	-17.00	-1.00	12.94	-0.66	1.39	9.05	8.55	4.44905	-75.19915	2.00	32.0000	40.0000	0.0000	0.0000	0.0000	-3.7195	2.5609	3.2317	-2.0085
	-16.00	0.00	12.62	-0.28	1.28	8.94	8.47	4.44905	-75.19915	2.00	32.0000	40.0000	0.0000	0.0000	0.0000	-0.4878	-4.2682	2.0731	-2.0055
	-17.00	2.00	12.69	-0.35	1.60	8.88	8.37	4.44905	-75.19915	2.00	32.0000	41.0000	0.0000	0.0000	0.0000	2.0731	-1.7073	4.6951	-1.9994
	-16.00	0.00	12.57	-0.54	1.79	8.82	8.25	4.44905	-75.19915	2.00	32.0000	40.0000	0.0000	0.0000	0.0000	3.9024	-4.8170	6.7073	-1.9910
	-13.00	0.00	12.57	-0.40	1.71	8.74	8.07	4.44905	-75.19915	2.00	34.0000	40.0000	0.0000	0.0000	0.0000	-2.8658	5.3658	4.0243	-1.9856
	-16.00	3.00	12.69	-0.26	2.06	8.61	7.87	4.44905	-75.19915	2.00	32.0000	41.0000	0.0000	0.0000	0.0000	2.3170	-5.6707	5.2439	-1.9766
	-13.00	2.00	12.73	-0.16	2.50	8.43	7.69	4.44905	-75.19915	2.00	34.0000	41.0000	0.0000	0.0000	0.0000	0.7926	3.7804	2.4390	-1.9706
	-11.00	9.00	12.94	0.43	2.11	8.23	7.55	4.44905	-75.19915	2.00	35.0000	44.0000	0.0000	0.0000	0.0000	-2.0731	1.3414	4.6341	-1.9658
	-13.00	19.00	12.72	1.20	1.55	8.06	7.49	4.44905	-75.19915	2.00	34.0000	49.0000	0.0000	0.0000	0.0000	-0.0609	1.4024	4.2682	-1.9614
	-12.00	33.00	12.79	1.38	1.94	7.93	7.47	4.44905	-75.19915	2.00	34.0000	56.0000	0.0000	0.0000	0.0000	1.6463	1.5853	1.9512	-1.9568
	-14.00	44.00	12.61	1.11	2.89	7.84	7.43	4.44905	-75.19915	2.00	33.0000	62.0000	0.0000	0.0000	0.0000	2.7439	-4.3292	1.6463	-1.9528
	-9.00	49.00	12.64	1.21	3.91	7.76	7.38	4.44905	-75.19915	2.00	36.0000	64.0000	0.0000	0.0000	0.0000	-4.5121	4.4512	3.2317	-1.9470
	-12.00	53.00	12.64	1.54	5.21	7.69	7.33	4.44905	-75.19915	2.00	34.0000	66.0000	0.0000	0.0000	0.0000	-3.0487	-3.9024	3.1097	-1.9422
	-7.00	59.00	12.69	1.35	6.38	7.65	7.30	4.44905	-75.19915	2.00	37.0000	69.0000	0.0000	0.0000	0.0000	0.6707	-4.8780	3.0487	-1.9377
	-12.00	59.00	12.62	0.90	7.27	7.63	7.28	4.44905	-75.19915	2.00	34.0000	69.0000	0.0000	0.0000	0.0000	0.1219	1.3414	2.4390	-1.9340
	-11.00	65.00	12.65	0.88	8.20	7.63	7.25	4.44905	-75.19915	2.00	35.0000	72.0000	0.0000	0.0000	0.0000	-1.8902	0.2439	3.2317	-1.9294
	-13.00	88.00	12.59	0.97	9.00	7.63	7.20	4.44904	-75.19915	2.00	34.0000	84.0000	0.0000	0.0000	0.0000	1.4024	-0.8536	2.5000	-1.9223
	-11.00	125.00	12.48	0.65	9.63	7.63	7.13	4.44904	-75.19915	2.00	35.0000	100.0000	0.0000	0.0000	0.0000	-3.4146	-2.6829	1.5243	-1.9164
	-12.00	135.00	12.19	0.38	10.92	7.63	7.04	4.44904	-75.19915	2.00	34.0000	100.0000	0.0000	0.0000	0.0000	-0.6707	-1.8902	-0.6707	-1.9048
	-11.00	132.00	12.15	0.65	13.48	7.57	6.99	4.44904	-75.19915	2.00	35.0000	100.0000	0.0000	0.0000	0.0000	-1.9512	2.4390	-4.1463	-1.8970
	-11.00	129.00	12.23	1.00	16.57	7.45	7.06	4.44904	-75.19915	2.00	35.0000	100.0000	0.0000	0.0000	0.0000	-0.5487	-1.4634	1.9512	-1.8942
	-11.00	132.00	12.29	1.12	19.15	7.31	7.23	4.44904	-75.19915	2.00	35.0000	100.0000	0.0000	0.0000	0.0000	-2.6829	3.1097	0.9146	-1.8930
	-13.00	132.00	12.28	1.29	20.83	7.28	7.45	4.44904	-75.19915	2.00	34.0000	100.0000	0.0000	0.0000	0.0000	0.0000	2.3170	-2.8658	-1.8959
	-18.00	129.00	12.15	1.56	21.70	7.41	7.69	4.44904	-75.19915	2.00	31.0000	100.0000	0.0000	0.0000	0.0000	6.0975	-0.6707	-0.6707	-1.8963
	-14.00	127.00	12.29	1.59	21.84	7.62	7.95	4.44904	-75.19915	2.00	33.0000	100.0000	0.0000	0.0000	0.0000	-0.0609	1.2195	0.3048	-1.8956
	-13.00	129.00	12.28	1.20	21.25	7.85	8.21	4.44904	-75.19915	2.00	34.0000	100.0000	0.0000	0.0000	0.0000	2.6829	3.7195	2.5609	-1.8927
	-14.00	132.00	12.43	0.70	20.27	8.07	8.41	4.44904	-75.19915	2.00	33.0000	100.0000	0.0000	0.0000	0.0000	0.4878	-5.2439	2.3170	-1.8909
	-16.00	130.00	12.36	0.56	19.30	8.27	8.54	4.44904	-75.19915	2.00	32.0000	100.0000	0.0000	0.0000	0.0000	0.9756	-0.9146	-0.5487	-1.8912
	-13.00	129.00	12.36	0.62	18.44	8.46	8.65	4.44904	-75.19915	2.00	34.0000	100.0000	0.0000	0.0000	0.0000	-3.4146	6.7682	-3.7195	-1.8877
	-16.00	129.00	12.55	0.44	17.64	8.64	8.73	4.44904	-75.19915	2.00	32.0000	100.0000	0.0000	0.0000	0.0000	1.7073	4.0853	0.1219	-1.8800
	-14.00	127.00	12.40	0.09	16.95	8.79	8.77	4.44904	-75.19915	2.00	33.0000	100.0000	0.0000	0.0000	0.0000	-1.8902	-4.8780	4.5121	-1.8692
	-17.00	132.00	12.46	0.00	16.49	8.91	8.73	4.44904	-75.19915	2.00	32.0000	100.0000	0.0000	0.0000	0.0000	-0.3048	6.2804	-0.1219	-1.8577
	-38.00	127.00	12.41	0.15	16.20	9.00	8.66	4.44904	-75.19915	2.00	21.0000	100.0000	0.0000	0.0000	0.0000	5.3658	-4.3292	0.9756	-1.8458
	-53.00	124.00	12.41	0.12	15.89	9.06	8.61	4.44903	-75.19914	2.00	14.0000	100.0000	0.0000	0.0000	0.0000	-0.0609	-2.9268	1.6463	-1.8358
	-66.00	127.00	12.32	-0.27	15.56	9.09	8.66	4.44903	-75.19914	2.00	7.0000	100.0000	0.0000	0.0000	0.0000	-2.8048	3.5975	0.9146	-1.8274
	-69.00	124.00	12.26	-0.86	15.27	9.12	8.80	4.44903	-75.19914	2.00	6.0000	100.0000	0.0000	0.0000	0.0000	-1.5243	-2.8048	1.4634	-1.8200
	-82.00	124.00	12.34	-1.40	14.97	9.14	8.93	4.44903	-75.19914	2.00	-1.0000	100.0000	0.0000	0.0000	0.0000	0.7317	-1.0975	0.3048	-1.8128
	-95.00	127.00	12.71	-1.79	14.62	9.17	9.02	4.44903	-75.19914	2.00	-7.0000	100.0000	0.0000	0.0000	0.0000	-1.5243	-7.5000	5.7926	-1.7951
	-104.00	132.00	12.30	-4.13	14.39	9.16	9.06	4.44903	-75.19914	2.00	-12.0000	100.0000	0.0000	0.0000	0.0000	5.6097	14.6951	-7.3170	-1.7919
	-118.00	133.00	12.34	-10.32	14.25	8.82	9.03	4.44903	-75.19914	2.00	-19.0000	100.0000	0.0000	0.0000	0.0000	1.3414	-11.0975	-15.8536	-1.8029
	-125.00	132.00	12.50	-18.12	14.23	7.90	8.90	4.44903	-75.19914	2.00	-20.0000	100.0000	0.0000	0.0000	0.0000	9.8170	5.4268	-21.4634	-1.8168
	-143.00	132.00	11.69	-25.80	14.61	6.74	8.72	4.44903	-75.19914	2.00	-20.0000	100.0000	0.0000	0.0000	0.0000	16.5853	-8.4756	-36.7682	-1.8496
	-159.00	138.00	12.22	-32.64	15.54	5.84	8.48	4.44903	-75.19914	2.00	-20.0000	100.0000	0.0000	0.0000	0.0000	-5.2439	-4.8170	-42.9268	-1.8853
	-159.00	138.00	12.07	-37.06	17.51	5.24	8.13	4.44903	-75.19914	2.00	-20.0000	100.0000	0.0000	0.0000	0.0000	-5.1829	5.0000	-28.2317	-1.9141
	-159.00	139.00	12.11	-38.72	20.85	4.78	7.64	4.44903	-75.19914	2.00	-20.0000	100.0000	0.0000	0.0000	0.0000	-13.1707	0.4878	-25.1829	-1.9392
	-159.00	143.00	11.44	-38.27	25.07	4.42	7.02	4.44903	-75.19914	2.00	-20.0000	100.0000	0.0000	0.0000	0.0000	-2.5609	-0.0609	-20.9756	-1.9603
	-159.00	143.00	11.54	-36.77	29.52	4.16	6.36	4.44903	-75.19914	2.00	-20.0000	100.0000	0.0000	0.0000	0.0000	1.5243	0.4268	-8.9634	-1.9692
	-159.00	143.00	11.83	-35.05	33.87	3.96	5.73	4.44903	-75.19914	2.00	-20.0000	100.0000	0.0000	0.0000	0.0000	-0.6097	-3.5975	-10.5487	-1.9800
	-159.00	143.00	11.85	-33.14	37.79	3.79	5.19	4.44903	-75.19914	2.00	-20.0000	100.0000	0.0000	0.0000	0.0000	-0.5487	-3.3536	-12.2560	-1.9929
	-158.00	139.00	11.33	-30.96	40.97	3.62	4.78	4.44903	-75.19914	2.00	-20.0000	100.0000	0.0000	0.0000	0.0000	-2.8658	2.6219	-17.3780	-2.0113
	-160.00	139.00	11.32	-28.89	43.42	3.42	4.51	4.44902	-75.19913	2.00	-20.0000	100.0000	0.0000	0.0000	0.0000	4.1463	-1.3414	-15.0000	-2.0269
	-158.00	135.00	11.73	-27.18	45.31	3.22	4.36	4.44902	-75.19913	2.00	-20.0000	100.0000	0.0000	0.0000	0.0000	-3.2317	2.8658	-12.6829	-2.0407
	-158.00	145.00	11.83	-25.74	46.51	3.04	4.25	4.44902	-75.19913	2.00	-20.0000	100.0000	0.0000	0.0000	0.0000	-6.7682	-6.4024	-9.8170	-2.0500
	-158.00	140.00	11.24	-24.67	47.25	2.90	4.10	4.44902	-75.19913	2.00	-20.0000	100.0000	0.0000	0.0000	0.0000	0.2439	-1.2195	-10.0609	-2.0608
	-158.00	143.00	11.30	-24.16	47.98	2.82	3.92	4.44902	-75.19913	2.00	-20.0000	100.0000	0.0000	0.0000	0.0000	-1.2195	3.1707	-10.9146	-2.0728
	-159.00	145.00	11.57	-23.99	48.73	2.78	3.76	4.44902	-75.19913	2.00	-20.0000	100.0000	0.0000	0.0000	0.0000	-2.6219	2.3170	-8.0487	-2.0819
	-159.00	143.00	11.71	-23.84	49.45	2.76	3.64	4.44902	-75.19913	2.00	-20.0000	100.0000	0.0000	0.0000	0.0000	-0.7317	-1.6463	-9.5121	-2.0913
	-156.00	143.00	11.71	-23.81	50.10	2.75	3.56	4.44902	-75.19913	2.00	-20.0000	100.0000	0.0000	0.0000	0.0000	-0.3658	1.2804	-8.5365	-2.1009
	-150.00	143.00	11.22	-23.95	50.84	2.76	3.51	4.44902	-75.19913	2.00	-20.0000	100.0000	0.0000	0.0000	0.0000	-0.6707	2.9878	-8.5975	-2.1115
	-150.00	146.00	11.96	-23.94	51.77	2.78	3.46	4.44902	-75.19913	2.00	-20.0000	100.0000	0.0000	0.0000	0.0000	-0.6097	2.9268	-8.7804	-2.1214
	-146.00	148.00	11.64	-23.77	52.64	2.79	3.40	4.44902	-75.19913	2.00	-20.0000	100.0000	0.0000	0.0000	0.0000	-3.5975	0.7317	-9.2682	-2.1316
	-141.00	145.00	11.65	-23.78	53.18	2.80	3.33	4.44902	-75.19913	2.00	-20.0000	100.0000	0.0000	0.0000	0.0000	-0.6707	-0.8536	-7.6219	-2.1402
	-140.00	145.00	11.76	-23.98	53.45	2.81	3.27	4.44902	-75.19913	2.00	-20.0000	100.0000	0.0000	0.0000	0.0000	-2.5000	0.9146	-8.9024	-2.1502
	-134.00	148.00	11.96	-24.05	53.38	2.82	3.21	4.44902	-75.19913	2.00	-20.0000	100.0000	0.0000	0.0000	0.0000	-0.5487	1.8292	-9.5731	-2.1614
	-134.00	145.00	11.71	-23.70	52.96	2.82	3.18	4.44902	-75.19913	2.00	-20.0000	100.0000	0.0000	0.0000	0.0000	-3.0487	-1.1585	-10.0000	-2.1724
	-138.00	143.00	11.53	-23.21	52.52	2.81	3.18	4.44902	-75.19913	2.00	-20.0000	100.0000	0.0000	0.0000	0.0000	-5.1219	-1.5853	-11.1585	-2.1840
	-133.00	140.00	11.57	-22.85	52.25	2.80	3.23	4.44901	-75.19913	2.00	-20.0000	100.0000	0.0000	0.0000	0.0000	-1.4634	-2.4390	-10.9756	-2.1953
	-133.00	141.00	11.55	-22.61	52.17	2.79	3.29	4.44901	-75.19913	2.00	-20.0000	100.0000	0.0000	0.0000	0.0000	-6.0365	2.6219	-5.0609	-2.2013
	-133.00	143.00	11.60	-22.59	52.46	2.80	3.34	4.44901	-75.19913	2.00	-20.0000	100.0000	0.0000	0.0000	0.0000	0.8536	-0.4268	-8.7195	-2.2108
	-133.00	145.00	11.47	-22.70	53.01	2.80	3.35	4.44901	-75.19913	2.00	-20.0000	100.0000	0.0000	0.0000	0.0000	-2.5000	7.1951	-9.9390	-2.2234
	-133.00	143.00	11.50	-22.70	53.45	2.79	3.35	4.44901	-75.19913	2.00	-20.0000	100.0000	0.0000	0.0000	0.0000	0.1219	-2.6219	-8.5975	-2.2324
	-134.00	143.00	11.58	-22.56	53.40	2.78	3.35	4.44901	-75.19913	2.00	-20.0000	100.0000	0.0000	0.0000	0.0000	-2.9268	-3.4756	-7.3170	-2.2397
	-132.00	144.00	11.47	-22.43	53.03	2.79	3.38	4.44901	-75.19913	2.00	-20.0000	100.0000	0.0000	0.0000	0.0000	0.4878	-2.1341	-7.6829	-2.2480
	-128.00	145.00	11.53	-22.36	52.97	2.80	3.41	4.44901	-75.19913	2.00	-20.0000	100.0000	0.0000	0.0000	0.0000	0.9756	5.1219	-9.6951	-2.2605
	-127.00	143.00	11.76	-22.34	53.28	2.80	3.43	4.44901	-75.19913	2.00	-20.0000	100.0000	0.0000	0.0000	0.0000	2.2560	-4.1463	-8.4146	-2.2689
	-123.00	145.00	11.60	-22.39	53.67	2.79	3.43	4.44901	-75.19913	2.00	-20.0000	100.0000	0.0000	0.0000	0.0000	0.9756	0.4268	-9.2073	-2.2792
	-124.00	145.00	11.73	-22.36	53.95	2.79	3.42	4.44901	-75.19913	2.00	-20.0000	100.0000	0.0000	0.0000	0.0000	-3.1707	-2.1951	-8.8414	-2.2886
	-120.00	143.00	11.57	-22.20	54.14	2.78	3.43	4.44901	-75.19913	2.00	-20.0000	100.0000	0.0000	0.0000	0.0000	-1.4634	3.7195	-9.5121	-2.3004
	-123.00	148.00	11.55	-22.01	54.29	2.78	3.44	4.44901	-75.19913	2.00	-20.0000	100.0000	0.0000	0.0000	0.0000	0.6707	-1.4024	-8.8414	-2.3096
	-118.00	140.00	11.62	-21.81	54.23	2.78	3.45	4.44901	-75.19913	2.00	-19.0000	100.0000	0.0000	0.0000	0.0000	-4.5731	4.5731	-9.9390	-2.3217
	-107.00	145.00	11.69	-21.64	53.88	2.78	3.43	4.44901	-75.19913	2.00	-13.0000	100.0000	0.0000	0.0000	0.0000	-2.8658	-4.5121	-10.3048	-2.3326
	-102.00	148.00	11.78	-21.91	53.42	2.78	3.38	4.44901	-75.19913	2.00	-11.0000	100.0000	0.0000	0.0000	0.0000	-3.2926	-3.0487	-7.0121	-2.3396
	-97.00	143.00	11.67	-22.52	53.20	2.81	3.34	4.44901	-75.19913	2.00	-8.0000	100.0000	0.0000	0.0000	0.0000	-2.4390	0.5487	-5.9756	-2.3467
	-93.00	143.00	11.60	-22.46	53.22	2.86	3.30	4.44901	-75.19913	2.00	-6.0000	100.0000	0.0000	0.0000	0.0000	2.2560	0.5487	-8.6585	-2.3570
	-93.00	145.00	11.71	-21.46	53.08	2.94	3.32	4.44901	-75.19913	2.00	-6.0000	100.0000	0.0000	0.0000	0.0000	-4.2682	-2.0731	-7.5609	-2.3653
	-90.00	143.00	11.65	-20.36	52.49	3.03	3.42	4.44901	-75.19913	2.00	-5.0000	100.0000	0.0000	0.0000	0.0000	-1.6463	-1.7073	-8.7195	-2.3754
	-74.00	141.00	11.68	-19.80	51.64	3.14	3.58	4.44901	-75.19913	2.00	3.0000	100.0000	0.0000	0.0000	0.0000	-1.0365	0.8536	-9.3292	-2.3868
	-60.00	116.00	11.58	-18.63	50.72	3.31	3.74	4.44901	-75.19913	2.00	10.0000	98.0000	0.0000	0.0000	0.0000	-1.1585	-11.8292	2.5609	-2.3815
	-51.00	95.00	11.75	-15.32	49.80	3.60	3.91	4.44901	-75.19913	2.00	15.0000	87.0000	0.0000	0.0000	0.0000	0.9756	10.1829	1.1585	-2.3851
	-45.00	81.00	12.01	-10.52	48.23	3.90	4.09	4.44901	-75.19913	2.00	18.0000	80.0000	0.0000	0.0000	0.0000	-0.0609	2.2560	-0.2439	-2.3892
	-33.00	64.00	12.07	-5.69	44.95	4.14	4.29	4.44901	-75.19913	2.00	24.0000	72.0000	0.0000	0.0000	0.0000	2.0121	-4.1463	0.8536	-2.3975
	-28.00	49.00	12.33	-2.06	39.87	4.39	4.48	4.44901	-75.19913	2.00	26.0000	64.0000	0.0000	0.0000	0.0000	-0.7317	4.0853	3.3536	-2.4051
	-17.00	45.00	12.28	-0.24	33.85	4.68	4.64	4.44901	-75.19913	2.00	32.0000	62.0000	0.0000	0.0000	0.0000	1.8292	2.4390	3.4756	-2.4462
	-12.00	48.00	12.79	0.44	27.31	4.96	4.74	4.44901	-75.19913	2.00	34.0000	64.0000	0.0000	0.0000	0.0000	-3.5975	0.9146	3.6585	-2.4866
	-4.00	45.00	12.36	0.77	20.66	5.20	4.83	4.44901	-75.19913	2.00	38.0000	62.0000	0.0000	0.0000	0.0000	0.1219	0.9146	-0.1219	-2.5146
	-8.00	48.00	12.30	0.70	15.23	5.42	4.92	4.44901	-75.19913	2.00	36.0000	64.0000	0.0000	0.0000	0.0000	0.1829	2.5609	1.4634	-2.5389
	-9.00	43.00	12.75	0.50	11.34	5.65	5.01	4.44901	-75.19913	2.00	36.0000	61.0000	0.0000	0.0000	0.0000	-0.9146	0.6707	1.9512	-2.5590
	-9.00	43.00	12.77	0.86	8.19	5.91	5.04	4.44901	-75.19913	2.00	36.0000	61.0000	0.0000	0.0000	0.0000	-1.0365	0.7926	3.7804	-2.5751
	-9.00	43.00	12.40	1.46	5.94	6.17	5.02	4.44901	-75.19913	2.00	36.0000	61.0000	0.0000	0.0000	0.0000	-0.6097	-0.0609	5.0000	-2.5884
	-11.00	43.00	12.43	1.66	5.09	6.27	5.00	4.44900	-75.19913	2.00	35.0000	61.0000	0.0000	0.0000	0.0000	-0.3658	-2.5000	-0.1219	-2.6036
	-11.00	43.00	12.79	1.81	4.80	6.19	5.03	4.44900	-75.19913	2.00	35.0000	61.0000	0.0000	0.0000	0.0000	-1.2195	1.6463	0.1219	-2.6053
	-9.00	41.00	12.72	2.54	4.03	6.03	5.11	4.44900	-75.19913	2.00	36.0000	60.0000	0.0000	0.0000	0.0000	-0.4878	2.3780	4.3292	-2.6023
	-11.00	44.00	12.61	3.32	3.24	5.87	5.19	4.44900	-75.19913	2.00	35.0000	62.0000	0.0000	0.0000	0.0000	-1.2804	-1.7073	3.0487	-2.6028
	-8.00	41.00	12.47	3.42	3.26	5.75	5.26	4.44900	-75.19913	2.00	36.0000	60.0000	0.0000	0.0000	0.0000	-4.3292	-0.4268	1.9512	-2.6061
	-11.00	41.00	12.65	3.25	3.70	5.68	5.33	4.44900	-75.19913	2.00	35.0000	60.0000	0.0000	0.0000	0.0000	-3.9024	-1.8292	-0.5487	-2.6082
	-9.00	44.00	12.73	3.52	3.55	5.62	5.41	4.44900	-75.19913	2.00	36.0000	62.0000	0.0000	0.0000	0.0000	-0.6707	-3.6585	0.4268	-2.6129
	-12.00	48.00	12.98	3.96	3.10	5.57	5.50	4.44900	-75.19913	2.00	34.0000	64.0000	0.0000	0.0000	0.0000	-4.1463	-0.4878	2.9878	-2.6153
	-9.00	41.00	12.68	3.96	3.44	5.55	5.57	4.44900	-75.19913	2.00	36.0000	60.0000	0.0000	0.0000	0.0000	-3.3536	-3.4146	3.9024	-2.6159
	-7.00	44.00	12.69	3.78	4.27	5.57	5.60	4.44900	-75.19913	2.00	37.0000	62.0000	0.0000	0.0000	0.0000	-2.8048	1.7682	0.9756	-2.6196
	-9.00	46.00	12.72	3.90	4.43	5.61	5.60	4.44900	-75.19913	2.00	36.0000	63.0000	0.0000	0.0000	0.0000	-3.5975	1.4634	-0.0609	-2.6276
	-8.00	46.00	12.77	4.20	4.29	5.66	5.60	4.44900	-75.19913	2.00	36.0000	63.0000	0.0000	0.0000	0.0000	-3.9634	-0.4878	0.9146	-2.6335
	-8.00	44.00	12.91	4.20	4.56	5.70	5.58	4.44900	-75.19913	2.00	36.0000	62.0000	0.0000	0.0000	0.0000	-0.1829	2.3170	1.8902	-2.6379
	-7.00	48.00	12.72	4.07	4.75	5.74	5.50	4.44900	-75.19913	2.00	37.0000	64.0000	0.0000	0.0000	0.0000	0.4878	3.9634	2.9878	-2.6407
	-12.00	45.00	12.77	4.38	4.37	5.74	5.42	4.44900	-75.19913	2.00	34.0000	62.0000	0.0000	0.0000	0.0000	1.7073	-3.1097	2.7439	-2.6409
	-7.00	48.00	12.98	5.06	3.83	5.73	5.39	4.44900	-75.19913	2.00	37.0000	64.0000	0.0000	0.0000	0.0000	-0.0609	2.8658	2.9878	-2.6404
	-17.00	45.00	12.62	5.61	3.31	5.73	5.41	4.44900	-75.19913	2.00	32.0000	62.0000	0.0000	0.0000	0.0000	-0.4878	-2.4390	2.5609	-2.6399
	-40.00	60.00	12.69	5.92	2.58	5.73	5.41	4.44899	-75.19913	2.00	20.0000	70.0000	0.0000	0.0000	0.0000	3.5975	2.2560	1.2804	-2.6396
	-55.00	80.00	12.72	5.69	2.23	5.75	5.39	4.44899	-75.19913	2.00	13.0000	80.0000	0.0000	0.0000	0.0000	-0.3658	2.0121	-0.1829	-2.6423
	-81.00	92.00	12.40	4.40	3.64	5.75	5.39	4.44899	-75.19913	2.00	0.0000	86.0000	0.0000	0.0000	0.0000	1.4024	-1.3414	-3.1097	-2.6460
	-88.00	96.00	12.98	2.43	6.98	5.69	5.41	4.44899	-75.19913	2.00	-4.0000	88.0000	0.0000	0.0000	0.0000	-2.5609	2.3170	-2.1341	-2.6669
	-92.00	103.00	11.98	0.27	10.79	5.53	5.50	4.44899	-75.19913	2.00	-6.0000	91.0000	0.0000	0.0000	0.0000	1.1585	-0.3048	-0.6707	-2.6843
	-106.00	104.00	11.60	-3.14	14.66	5.16	5.64	4.44899	-75.19913	2.00	-13.0000	92.0000	0.0000	0.0000	0.0000	1.2804	6.2804	-20.2439	-2.7177
	-114.00	108.00	12.12	-9.18	19.01	4.66	5.78	4.44899	-75.19913	2.00	-17.0000	94.0000	0.0000	0.0000	0.0000	-3.2317	0.0000	-18.4756	-2.7476
	-114.00	111.00	11.54	-16.88	23.18	4.33	5.91	4.44899	-75.19913	2.00	-17.0000	95.0000	0.0000	0.0000	0.0000	-0.0609	-2.8658	-12.9878	-2.7697
	-117.00	113.00	11.48	-23.66	26.62	4.19	5.94	4.44899	-75.19913	2.00	-18.0000	96.0000	0.0000	0.0000	0.0000	-2.1951	0.9756	-7.0731	-2.7837
	-120.00	116.00	11.33	-28.14	29.86	4.13	5.79	4.44899	-75.19913	2.00	-20.0000	98.0000	0.0000	0.0000	0.0000	5.6097	-4.0243	-12.2560	-2.8020
	-118.00	116.00	11.91	-30.38	33.01	4.06	5.51	4.44899	-75.19913	2.00	-19.0000	98.0000	0.0000	0.0000	0.0000	-5.0609	0.7317	-13.5365	-2.8216
	-118.00	119.00	11.40	-30.81	35.52	3.93	5.18	4.44899	-75.19913	2.00	-19.0000	99.0000	0.0000	0.0000	0.0000	-8.1707	-0.7317	-10.7926	-2.8360
	-118.00	119.00	11.32	-30.27	37.72	3.76	4.87	4.44899	-75.19913	2.00	-19.0000	99.0000	0.0000	0.0000	0.0000	-4.9390	-4.3292	-9.5121	-2.8479
	-118.00	118.00	11.33	-29.54	40.01	3.56	4.61	4.44899	-75.19913	2.00	-19.0000	99.0000	0.0000	0.0000	0.0000	-6.7073	0.8536	-13.2926	-2.8649
	-118.00	118.00	11.98	-28.64	41.94	3.35	4.41	4.44899	-75.19913	2.00	-19.0000	99.0000	0.0000	0.0000	0.0000	-6.6463	1.4024	-14.1463	-2.8806
	-118.00	120.00	11.32	-27.46	43.67	3.14	4.23	4.44899	-75.19913	2.00	-19.0000	100.0000	0.0000	0.0000	0.0000	-2.6219	-1.3414	-14.4512	-2.8983
	-119.00	117.00	11.32	-26.22	45.84	2.96	4.06	4.44899	-75.19913	2.00	-19.0000	98.0000	0.0000	0.0000	0.0000	-3.9634	0.2439	-10.9146	-2.9134
	-119.00	118.00	11.33	-25.38	48.09	2.81	3.85	4.44898	-75.19912	2.00	-19.0000	99.0000	0.0000	0.0000	0.0000	-3.5365	-1.3414	-5.9146	-2.9217
	-119.00	119.00	11.79	-25.10	49.95	2.73	3.60	4.44898	-75.19912	2.00	-19.0000	99.0000	0.0000	0.0000	0.0000	-3.8414	-2.7439	-7.1951	-2.9307
	-118.00	114.00	11.28	-25.01	51.49	2.72	3.37	4.44898	-75.19912	2.00	-19.0000	97.0000	0.0000	0.0000	0.0000	-2.5000	-0.8536	-6.8902	-2.9401
	-113.00	117.00	11.32	-24.85	52.48	2.72	3.21	4.44898	-75.19912	2.00	-16.0000	98.0000	0.0000	0.0000	0.0000	-1.8902	4.0853	-7.6219	-2.9519
	-116.00	116.00	11.60	-24.78	52.81	2.73	3.13	4.44898	-75.19912	2.00	-18.0000	98.0000	0.0000	0.0000	0.0000	-5.0609	-1.5853	-4.3902	-2.9595
	-118.00	119.00	11.75	-24.80	52.95	2.75	3.08	4.44898	-75.19912	2.00	-19.0000	99.0000	0.0000	0.0000	0.0000	1.0365	0.6707	-5.6707	-2.9672
	-118.00	117.00	11.12	-24.68	53.22	2.76	3.05	4.44898	-75.19912	2.00	-19.0000	98.0000	0.0000	0.0000	0.0000	-1.2195	-2.0121	-7.3780	-2.9765
	-118.00	114.00	11.22	-24.55	53.35	2.75	3.05	4.44898	-75.19912	2.00	-19.0000	97.0000	0.0000	0.0000	0.0000	-4.5121	0.8536	-7.9268	-2.9871
	-118.00	119.00	11.67	-24.64	53.00	2.74	3.06	4.44898	-75.19912	2.00	-19.0000	99.0000	0.0000	0.0000	0.0000	0.7926	0.6097	-5.5487	-2.9958
	-117.00	123.00	11.68	-24.67	52.62	2.71	3.05	4.44898	-75.19912	2.00	-18.0000	100.0000	0.0000	0.0000	0.0000	-1.5243	-2.9268	-6.8292	-3.0048
	-118.00	122.00	11.12	-24.38	52.97	2.69	3.01	4.44898	-75.19912	2.00	-19.0000	100.0000	0.0000	0.0000	0.0000	3.4146	1.0975	-8.3536	-3.0166
	-117.00	120.00	11.44	-24.01	53.75	2.69	2.98	4.44898	-75.19912	2.00	-18.0000	100.0000	0.0000	0.0000	0.0000	-3.4146	0.3048	-7.6829	-3.0276
	-114.00	119.00	11.43	-23.86	54.39	2.69	2.94	4.44898	-75.19912	2.00	-17.0000	99.0000	0.0000	0.0000	0.0000	-0.9146	3.3536	-7.8048	-3.0392
	-113.00	117.00	11.60	-23.71	54.82	2.70	2.92	4.44898	-75.19912	2.00	-16.0000	98.0000	0.0000	0.0000	0.0000	-4.1463	1.4024	-8.7195	-3.0525
	-117.00	117.00	11.93	-23.33	54.71	2.71	2.94	4.44898	-75.19912	2.00	-18.0000	98.0000	0.0000	0.0000	0.0000	-0.9146	-2.5609	-8.1707	-3.0620
	-118.00	119.00	11.19	-23.09	53.83	2.75	3.03	4.44898	-75.19912	2.00	-19.0000	99.0000	0.0000	0.0000	0.0000	-3.0487	-0.5487	-7.6219	-3.0733
	-117.00	120.00	11.57	-23.22	52.61	2.78	3.15	4.44898	-75.19912	2.00	-18.0000	100.0000	0.0000	0.0000	0.0000	-4.9390	-1.0365	-7.9878	-3.0844
	-119.00	119.00	11.72	-23.38	51.60	2.81	3.31	4.44897	-75.19912	2.00	-19.0000	99.0000	0.0000	0.0000	0.0000	-3.2317	-0.2439	-9.2682	-3.0974
	-117.00	114.00	11.85	-23.51	50.97	2.83	3.48	4.44897	-75.19912	2.00	-18.0000	97.0000	0.0000	0.0000	0.0000	-2.2560	-0.7926	-9.8170	-3.1110
	-117.00	117.00	11.22	-23.83	50.53	2.86	3.57	4.44897	-75.19912	2.00	-18.0000	98.0000	0.0000	0.0000	0.0000	-2.2560	0.1829	-6.5243	-3.1215
	-117.00	117.00	11.55	-24.26	50.16	2.89	3.58	4.44897	-75.19912	2.00	-18.0000	98.0000	0.0000	0.0000	0.0000	-3.1707	-1.5243	-5.9756	-3.1302
	-117.00	117.00	11.53	-24.47	50.17	2.92	3.57	4.44897	-75.19912	2.00	-18.0000	98.0000	0.0000	0.0000	0.0000	1.2804	-0.8536	-8.9024	3.1407
	-117.00	118.00	11.85	-24.35	50.65	2.94	3.55	4.44897	-75.19912	2.00	-18.0000	99.0000	0.0000	0.0000	0.0000	-1.5853	2.2560	-7.8658	3.1281
	-117.00	118.00	11.47	-23.89	51.31	2.93	3.51	4.44897	-75.19912	2.00	-18.0000	99.0000	0.0000	0.0000	0.0000	-2.9268	-0.3048	-8.2317	3.1159
	-114.00	117.00	11.61	-23.08	52.26	2.91	3.50	4.44897	-75.19912	2.00	-17.0000	98.0000	0.0000	0.0000	0.0000	-1.6463	-0.6097	-10.1829	3.1027
	-114.00	119.00	11.69	-22.18	52.98	2.89	3.52	4.44897	-75.19912	2.00	-17.0000	99.0000	0.0000	0.0000	0.0000	-3.7804	0.5487	-6.2804	3.0919
	-114.00	119.00	11.79	-21.74	52.94	2.87	3.57	4.44897	-75.19912	2.00	-17.0000	99.0000	0.0000	0.0000	0.0000	-1.2804	2.1951	-8.7804	3.0792
	-114.00	118.00	11.62	-21.86	52.67	2.88	3.63	4.44897	-75.19912	2.00	-17.0000	99.0000	0.0000	0.0000	0.0000	-0.4878	1.4634	-8.5365	3.0680
	-114.00	119.00	11.60	-21.99	52.48	2.89	3.63	4.44897	-75.19912	2.00	-17.0000	99.0000	0.0000	0.0000	0.0000	-3.3536	4.0853	-10.3048	3.0530
	-112.00	123.00	11.67	-21.93	52.28	2.90	3.57	4.44897	-75.19912	2.00	-16.0000	100.0000	0.0000	0.0000	0.0000	-0.6707	-1.4634	-10.0609	3.0383
	-114.00	123.00	11.94	-22.03	52.14	2.91	3.46	4.44897	-75.19912	2.00	-17.0000	100.0000	0.0000	0.0000	0.0000	-1.4634	3.9024	-8.7195	3.0244
	-114.00	119.00	11.67	-22.29	52.12	2.92	3.35	4.44897	-75.19912	2.00	-17.0000	99.0000	0.0000	0.0000	0.0000	0.9146	-2.0121	-8.5365	3.0124
	-112.00	117.00	11.61	-22.40	52.21	2.93	3.28	4.44897	-75.19912	2.00	-16.0000	98.0000	0.0000	0.0000	0.0000	-1.0975	2.3170	-8.9634	2.9998
	-114.00	117.00	11.75	-22.28	52.35	2.94	3.27	4.44897	-75.19912	2.0	-17.0000	98.0000	0.0000	0.0000	0.0000	-2.9878	1.0365	-7.0121	2.9888
	-113.00	114.00	11.75	-22.16	52.32	2.94	3.31	4.44897	-75.19912	2.00	-16.0000	97.0000	0.0000	0.0000	0.0000	-0.6097	-2.0731	-8.9634	2.9765
	-107.00	117.00	11.67	-22.02	51.83	2.93	3.35	4.44897	-75.19912	2.00	-13.0000	98.0000	0.0000	0.0000	0.0000	-4.9390	-3.1097	-10.4878	2.9636
	-112.00	119.00	11.57	-21.54	51.10	2.89	3.38	4.44897	-75.19912	2.00	-16.0000	99.0000	0.0000	0.0000	0.0000	-0.9146	3.1097	-9.0853	2.9488
	-109.00	119.00	11.75	-20.76	50.75	2.86	3.38	4.44897	-75.19912	2.00	-14.0000	99.0000	0.0000	0.0000	0.0000	-0.0609	0.6707	-9.2682	2.9351
	-104.00	119.00	11.60	-20.09	50.97	2.83	3.37	4.44897	-75.19912	2.00	-12.0000	99.0000	0.0000	0.0000	0.0000	-1.9512	0.3048	-7.5609	2.9233
	-77.00	101.00	11.62	-19.55	51.49	2.82	3.37	4.44897	-75.19912	2.00	2.0000	90.0000	0.0000	0.0000	0.0000	-0.1219	0.7317	-5.9756	2.9125
	-16.00	72.00	11.87	-18.16	51.41	2.89	3.38	4.44897	-75.19912	2.00	32.0000	76.0000	0.0000	0.0000	0.0000	-5.1219	-8.2317	4.5121	2.9144
	-11.00	51.00	12.07	-14.83	49.26	3.11	3.39	4.44897	-75.19912	2.00	35.0000	65.0000	0.0000	0.0000	0.0000	0.2439	6.7682	8.8414	2.9074
	-6.00	55.00	12.48	-10.41	44.64	3.44	3.39	4.44897	-75.19912	2.00	37.0000	67.0000	0.0000	0.0000	0.0000	-0.9756	1.6463	4.3902	2.8958
	-6.00	55.00	12.19	-6.46	38.71	3.84	3.42	4.44897	-75.19912	2.00	37.0000	67.0000	0.0000	0.0000	0.0000	0.0609	1.8292	-2.3170	2.8474
	-7.00	53.00	12.34	-3.64	32.93	4.37	3.53	4.44897	-75.19912	2.00	37.0000	66.0000	0.0000	0.0000	0.0000	-3.1707	-7.2560	1.5853	2.8058
	-3.00	56.00	12.33	-2.03	27.94	4.85	3.72	4.44897	-75.19912	2.00	39.0000	68.0000	0.0000	0.0000	0.0000	0.4878	1.0365	2.0121	2.7689
	-6.00	56.00	12.34	-1.22	24.24	5.07	3.92	4.44897	-75.19912	2.00	37.0000	68.0000	0.0000	0.0000	0.0000	0.7926	-1.7682	0.2439	2.7305
	-7.00	53.00	12.40	-0.77	22.13	5.10	4.07	4.44897	-75.19912	2.00	37.0000	66.0000	0.0000	0.0000	0.0000	0.1219	0.6707	1.8902	2.6951
	-8.00	54.00	12.66	-0.66	20.99	5.09	4.19	4.44897	-75.19912	2.00	36.0000	67.0000	0.0000	0.0000	0.0000	1.0975	1.1585	-0.0609	2.6575
	-8.00	50.00	12.44	-0.87	20.01	5.07	4.33	4.44896	-75.19913	2.00	36.0000	65.0000	0.0000	0.0000	0.0000	-0.1829	1.5853	1.3414	2.6044
	-9.00	53.00	12.22	-1.00	18.98	5.08	4.51	4.44896	-75.19913	2.00	36.0000	66.0000	0.0000	0.0000	0.0000	-3.4756	0.5487	2.3780	2.5541
	-9.00	50.00	12.40	-0.79	18.28	5.13	4.72	4.44896	-75.19913	2.00	36.0000	65.0000	0.0000	0.0000	0.0000	-3.2317	0.3048	0.8536	2.5023
	-12.00	54.00	12.46	-0.68	17.85	5.20	4.91	4.44896	-75.19913	2.00	34.0000	67.0000	0.0000	0.0000	0.0000	-4.0243	3.9024	0.8536	2.4541
	-7.00	51.00	12.29	-0.64	17.24	5.26	5.07	4.44896	-75.19913	2.00	37.0000	65.0000	0.0000	0.0000	0.0000	-2.1951	1.6463	0.2439	2.4119
	-9.00	48.00	12.29	-0.15	16.50	5.29	5.16	4.44896	-75.19913	2.00	36.0000	64.0000	0.0000	0.0000	0.0000	-1.2195	-1.4634	0.8536	2.3760
	-12.00	49.00	12.34	0.58	16.01	5.32	5.22	4.44896	-75.19913	2.00	34.0000	64.0000	0.0000	0.0000	0.0000	-4.7560	0.7926	2.3170	2.3424
	-9.00	51.00	12.41	0.89	15.96	5.37	5.25	4.44896	-75.19913	2.00	36.0000	65.0000	0.0000	0.0000	0.0000	-4.3902	-2.5000	1.4024	2.3158
	-9.00	51.00	12.43	0.92	15.70	5.43	5.25	4.44896	-75.19913	2.00	36.0000	65.0000	0.0000	0.0000	0.0000	-3.7195	-0.6097	2.5609	2.2940
	-4.00	53.00	12.32	1.35	14.78	5.49	5.27	4.44896	-75.19913	2.00	38.0000	66.0000	0.0000	0.0000	0.0000	-0.7317	1.8292	0.6707	2.2671
	-1.00	54.00	12.71	1.97	14.14	5.55	5.31	4.44896	-75.19913	2.00	40.0000	67.0000	0.0000	0.0000	0.0000	1.6463	1.4024	0.6707	2.2434
	30.00	29.00	12.40	2.03	14.44	5.63	5.32	4.44896	-75.19913	2.00	55.0000	54.0000	0.0000	0.0000	0.0000	-0.6707	2.8048	1.4634	2.2246
	39.00	14.00	12.68	1.73	14.28	5.71	5.28	4.44896	-75.19913	2.00	59.0000	47.0000	0.0000	0.0000	0.0000	1.4634	1.6463	5.0609	2.2121
	56.00	-11.00	12.62	1.78	12.15	5.79	5.21	4.44896	-75.19913	2.00	68.0000	35.0000	0.0000	0.0000	0.0000	-0.2439	1.7073	6.1585	2.2011
	56.00	-30.00	12.64	1.84	8.54	5.86	5.17	4.44896	-75.19913	2.00	68.0000	25.0000	0.0000	0.0000	0.0000	-0.1829	-1.0365	5.7317	2.1907
	67.00	-50.00	12.52	1.42	4.81	5.91	5.19	4.44896	-75.19913	2.00	73.0000	15.0000	0.0000	0.0000	0.0000	-1.8292	0.0000	5.3048	2.1897
	65.00	-64.00	12.69	1.35	1.67	5.96	5.27	4.44896	-75.19913	2.00	72.0000	8.0000	0.0000	0.0000	0.0000	0.0609	-1.6463	4.4512	2.1884
	67.00	-71.00	12.69	2.40	-0.55	6.01	5.34	4.44895	-75.19913	2.00	73.0000	5.0000	0.0000	0.0000	0.0000	-1.8292	1.0975	7.3780	2.1899
	69.00	-79.00	12.46	3.82	-1.86	6.07	5.40	4.44895	-75.19913	2.00	74.0000	1.0000	0.0000	0.0000	0.0000	-2.1951	-3.9024	5.0609	2.1888
	65.00	-79.00	12.69	5.04	-2.46	6.14	5.51	4.44895	-75.19913	2.00	72.0000	1.0000	0.0000	0.0000	0.0000	0.8536	1.2195	2.4390	2.1853
	65.00	-80.00	12.66	6.42	-2.60	6.18	5.68	4.44895	-75.19913	2.00	72.0000	0.0000	0.0000	0.0000	0.0000	-3.7804	1.4634	4.2682	2.1757
	64.00	-87.00	12.89	7.52	-2.48	6.21	5.85	4.44895	-75.19913	2.00	72.0000	-3.0000	0.0000	0.0000	0.0000	5.9756	0.4268	2.8048	2.1652
	67.00	-95.00	12.54	7.75	-3.69	6.21	5.99	4.44895	-75.19913	2.00	73.0000	-7.0000	0.0000	0.0000	0.0000	6.8902	9.1463	12.3170	2.1798
	62.00	-92.00	12.83	7.57	-7.78	6.18	5.89	4.44895	-75.19913	2.00	71.0000	-6.0000	0.0000	0.0000	0.0000	1.2804	-6.4634	18.7195	2.2000
	65.00	-93.00	12.59	7.97	-12.88	6.13	5.36	4.44895	-75.19913	2.00	72.0000	-6.0000	0.0000	0.0000	0.0000	-0.7926	6.7682	16.3414	2.2143
	64.00	-100.00	12.95	8.93	-16.95	6.03	4.56	4.44895	-75.19913	2.00	72.0000	-10.0000	0.0000	0.0000	0.0000	-0.6707	-3.4146	13.5365	2.2251
	67.00	-98.00	12.86	9.80	-20.18	5.82	3.92	4.44895	-75.19913	2.00	73.0000	-9.0000	0.0000	0.0000	0.0000	-2.7439	-0.7317	9.6341	2.2133
	72.00	-93.00	12.33	11.13	-22.93	5.49	3.55	4.44895	-75.19913	2.00	76.0000	-6.0000	0.0000	0.0000	0.0000	-0.3658	-0.2439	7.3170	2.1998
	65.00	-96.00	12.66	13.94	-24.81	5.06	3.36	4.44895	-75.19913	2.00	72.0000	-8.0000	0.0000	0.0000	0.0000	-6.0365	-6.1585	7.1341	2.1863
	72.00	-96.00	12.65	17.44	-25.07	4.59	3.24	4.44895	-75.19913	2.00	76.0000	-8.0000	0.0000	0.0000	0.0000	-2.1341	-0.3048	8.1097	2.1748
	71.00	-93.00	12.21	20.07	-23.87	4.15	3.14	4.44895	-75.19913	2.00	75.0000	-6.0000	0.0000	0.0000	0.0000	0.0000	-3.4146	6.2804	2.1635
	77.00	-96.00	12.25	22.00	-22.28	3.76	3.01	4.44895	-75.19913	2.00	78.0000	-8.0000	0.0000	0.0000	0.0000	-3.8414	3.2317	6.8292	2.1546
	79.00	-97.00	12.68	24.09	-21.18	3.45	2.86	4.44895	-75.19913	2.00	79.0000	-8.0000	0.0000	0.0000	0.0000	-1.2195	-3.9024	6.0365	2.1480
	76.00	-97.00	12.61	26.30	-20.58	3.21	2.70	4.44895	-75.19913	2.00	78.0000	-8.0000	0.0000	0.0000	0.0000	-3.0487	-2.0121	7.1951	2.1438
	79.00	-95.00	11.79	28.30	-19.95	3.05	2.55	4.44895	-75.19913	2.00	79.0000	-7.0000	0.0000	0.0000	0.0000	3.6585	0.9756	7.3170	2.1409
	76.00	-95.00	11.28	30.19	-19.39	2.95	2.44	4.44895	-75.19913	2.00	78.0000	-7.0000	0.0000	0.0000	0.0000	1.2195	-3.4756	5.9756	2.1404
	76.00	-92.00	12.86	31.87	-19.17	2.89	2.35	4.44895	-75.19913	2.00	78.0000	-6.0000	0.0000	0.0000	0.0000	0.2439	1.2195	6.7073	2.1388
	76.00	-97.00	12.64	32.83	-19.03	2.85	2.28	4.44895	-75.19913	2.0	78.0000	-8.0000	0.0000	0.0000	0.0000	-0.1829	-1.4634	4.6951	2.1355
	79.00	-98.00	11.91	33.06	-18.71	2.83	2.23	4.44895	-75.19913	2.00	79.0000	-9.0000	0.0000	0.0000	0.0000	-0.1829	0.6097	5.2439	2.1332
	80.00	-96.00	11.79	33.17	-18.50	2.80	2.23	4.44895	-75.19913	2.00	80.0000	-8.0000	0.0000	0.0000	0.0000	-1.4024	1.4024	7.5000	2.1368
	83.00	-97.00	12.55	33.38	-18.85	2.79	2.24	4.44895	-75.19913	2.00	81.0000	-8.0000	0.0000	0.0000	0.0000	0.2439	-0.7926	5.9146	2.1385
	85.00	-95.00	12.58	33.56	-19.46	2.79	2.26	4.44895	-75.19913	2.00	82.0000	-7.0000	0.0000	0.0000	0.0000	-2.0731	1.5853	7.0731	2.1415
	83.00	-95.00	12.08	33.96	-19.51	2.80	2.30	4.44895	-75.19913	2.00	81.0000	-7.0000	0.0000	0.0000	0.0000	0.1219	-1.5243	6.5853	2.1450
	87.00	-96.00	12.23	34.80	-19.11	2.81	2.34	4.44895	-75.19913	2.00	83.0000	-8.0000	0.0000	0.0000	0.0000	-1.3414	3.2926	5.6707	2.1465
	91.00	-93.00	12.52	35.56	-18.86	2.82	2.34	4.44895	-75.19913	2.00	85.0000	-6.0000	0.0000	0.0000	0.0000	-0.3048	-0.2439	6.0365	2.1488
	96.00	-95.00	12.55	35.81	-19.06	2.83	2.33	4.44895	-75.19913	2.00	88.0000	-7.0000	0.0000	0.0000	0.0000	-2.5609	0.1219	6.9512	2.1535
	93.00	-95.00	12.07	36.07	-19.40	2.87	2.32	4.44895	-75.19913	2.00	86.0000	-7.0000	0.0000	0.0000	0.0000	0.1829	-0.4268	7.8658	2.1592
	97.00	-96.00	12.22	36.75	-19.48	2.92	2.34	4.44895	-75.19913	2.00	88.0000	-8.0000	0.0000	0.0000	0.0000	-1.1585	1.5853	7.0731	2.1645
	100.00	-92.00	12.65	37.55	-19.51	2.98	2.37	4.44895	-75.19913	2.00	90.0000	-6.0000	0.0000	0.0000	0.0000	-0.1219	-1.5243	8.1097	2.1709
	98.00	-96.00	11.98	38.48	-19.68	3.05	2.40	4.44895	-75.19913	2.00	89.0000	-8.0000	0.0000	0.0000	0.0000	-0.6097	-0.0609	8.4146	2.1776
	98.00	-97.00	12.08	39.55	-19.79	3.13	2.44	4.44895	-75.19913	2.0	89.0000	-8.0000	0.0000	0.0000	0.0000	-1.4634	0.1219	7.5000	2.1828
	97.00	-97.00	12.59	40.18	-19.98	3.21	2.49	4.44895	-75.19913	2.00	88.0000	-8.0000	0.0000	0.0000	0.0000	-3.2317	-2.4390	8.9634	2.1917
	98.00	-98.00	11.30	40.11	-20.27	3.28	2.56	4.44894	-75.19913	2.00	89.0000	-9.0000	0.0000	0.0000	0.0000	1.2195	3.0487	8.2926	2.1995
	98.00	-96.00	12.00	39.59	-20.36	3.33	2.61	4.44894	-75.19913	2.00	89.0000	-8.0000	0.0000	0.0000	0.0000	-2.3780	2.3170	8.7195	2.2068
	100.00	-97.00	12.14	39.33	-20.24	3.35	2.65	4.44894	-75.19913	2.00	90.0000	-8.0000	0.0000	0.0000	0.0000	1.4634	1.2195	7.7439	2.2130
	97.00	-98.00	11.96	39.61	-20.11	3.37	2.67	4.44894	-75.19913	2.00	88.0000	-9.0000	0.0000	0.0000	0.0000	-0.1829	-1.3414	9.5121	2.2219
	100.00	-95.00	12.04	39.87	-20.12	3.38	2.69	4.44894	-75.19913	2.00	90.0000	-7.0000	0.0000	0.0000	0.0000	-0.3658	1.1585	6.9512	2.2270
	100.00	-95.00	12.00	39.82	-20.24	3.39	2.71	4.44894	-75.19913	2.00	90.0000	-7.0000	0.0000	0.0000	0.0000	-2.0731	-2.0121	9.5121	2.2356
	100.00	-98.00	12.01	39.75	-20.28	3.40	2.72	4.44894	-75.19913	2.00	90.0000	-9.0000	0.0000	0.0000	0.0000	-0.1829	-4.1463	7.3780	2.2426
	102.00	-92.00	12.04	39.71	-20.31	3.41	2.71	4.44894	-75.19913	2.00	91.0000	-6.0000	0.0000	0.0000	0.0000	1.3414	4.2073	9.6951	2.2514
	104.00	-96.00	12.00	39.72	-20.41	3.42	2.67	4.44894	-75.19913	2.00	92.0000	-8.0000	0.0000	0.0000	0.0000	-0.3658	-1.4634	6.6463	2.2570
	97.00	-92.00	12.01	40.12	-20.45	3.43	2.62	4.44894	-75.19913	2.00	88.0000	-6.0000	0.0000	0.0000	0.0000	-0.3048	3.9024	7.5609	2.2629
	100.00	-96.00	12.12	40.72	-20.29	3.45	2.59	4.44894	-75.19913	2.00	90.0000	-8.0000	0.0000	0.0000	0.0000	-2.1341	-2.3780	8.2926	2.2695
	101.00	-96.00	11.97	40.92	-20.08	3.47	2.60	4.44894	-75.19913	2.00	90.0000	-8.0000	0.0000	0.0000	0.0000	-1.9512	1.4024	8.5975	2.2769
	100.00	-96.00	12.03	40.93	-19.92	3.49	2.64	4.44894	-75.19913	2.00	90.0000	-8.0000	0.0000	0.0000	0.0000	0.9146	0.9146	9.6341	2.2857
	101.00	-93.00	12.03	41.22	-19.76	3.51	2.69	4.44894	-75.19913	2.00	90.0000	-6.0000	0.0000	0.0000	0.0000	-1.2804	-0.6707	9.3292	2.2936
	102.00	-98.00	12.04	41.57	-19.63	3.53	2.71	4.44894	-75.19913	2.00	91.0000	-9.0000	0.0000	0.0000	0.0000	-5.6097	-1.8292	8.7804	2.3022
	100.00	-95.00	11.98	41.66	-19.63	3.54	2.71	4.44894	-75.19914	2.00	90.0000	-7.0000	0.0000	0.0000	0.0000	-2.3170	2.0121	11.6463	2.3132
	98.00	-97.00	11.96	41.65	-19.74	3.55	2.67	4.44894	-75.19914	2.00	89.0000	-8.0000	0.0000	0.0000	0.0000	2.0731	-1.8292	9.3902	2.3227
	100.00	-93.00	11.96	41.72	-19.72	3.54	2.62	4.44894	-75.19914	2.00	90.0000	-6.0000	0.0000	0.0000	0.0000	3.1097	7.1951	8.6585	2.3295
	96.00	-98.00	12.05	41.52	-19.61	3.54	2.57	4.44894	-75.19914	2.0	88.0000	-9.0000	0.0000	0.0000	0.0000	3.2317	-6.7073	9.6341	2.3384
	97.00	-98.00	11.98	40.78	-19.60	3.53	2.53	4.44894	-75.19914	2.00	88.0000	-9.0000	0.0000	0.0000	0.0000	-2.0731	2.3780	10.7926	2.3482
	93.00	-93.00	12.04	39.82	-19.62	3.53	2.52	4.44894	-75.19914	2.00	86.0000	-6.0000	0.0000	0.0000	0.0000	2.3780	-3.6585	9.3292	2.3567
	92.00	-97.00	12.15	39.06	-19.49	3.52	2.51	4.44894	-75.19914	2.00	86.0000	-8.0000	0.0000	0.0000	0.0000	1.6463	-0.6707	4.8170	2.3603
	92.00	-98.00	12.05	38.77	-19.22	3.48	2.50	4.44894	-75.19914	2.00	86.0000	-9.0000	0.0000	0.0000	0.0000	1.8292	1.2195	6.6463	2.3664
	91.00	-96.00	12.01	38.74	-19.07	3.41	2.50	4.44894	-75.19914	2.00	85.0000	-8.0000	0.0000	0.0000	0.0000	1.4634	-0.3658	6.7073	2.3720
	87.00	-90.00	12.03	38.54	-19.07	3.34	2.50	4.44894	-75.19914	2.00	83.0000	-5.0000	0.0000	0.0000	0.0000	-1.4024	3.7195	7.6219	2.3788
	65.00	-72.00	12.00	38.37	-18.99	3.27	2.48	4.44894	-75.19914	2.00	72.0000	4.0000	0.0000	0.0000	0.0000	-2.8048	-2.5609	5.9146	2.3843
	37.00	-37.00	12.18	38.28	-17.94	3.21	2.48	4.44894	-75.19914	2.00	58.0000	22.0000	0.0000	0.0000	0.0000	-4.5731	-3.1097	-9.6341	2.3715
	20.00	-32.00	12.57	36.17	-14.82	3.15	2.55	4.44894	-75.19914	2.00	50.0000	24.0000	0.0000	0.0000	0.0000	-0.3658	5.1829	-9.1463	2.3718
	-3.00	-29.00	12.75	29.99	-10.48	3.08	2.74	4.44894	-75.19914	2.00	39.0000	26.0000	0.0000	0.0000	0.0000	2.6829	4.5731	-1.7682	2.3808
	-2.00	-27.00	12.83	21.06	-6.57	3.05	2.96	4.44894	-75.19914	2.00	39.0000	27.0000	0.0000	0.0000	0.0000	-0.4268	1.8292	5.3048	2.3961
	-6.00	-20.00	12.55	12.24	-3.74	3.10	3.10	4.44894	-75.19914	2.00	37.0000	30.0000	0.0000	0.0000	0.0000	-3.2317	-0.4268	2.2560	2.4066
	-7.00	-24.00	12.66	5.33	-2.03	3.20	3.12	4.44894	-75.19914	2.00	37.0000	28.0000	0.0000	0.0000	0.0000	-3.4756	2.0121	-2.1951	2.4110
	-3.00	-24.00	12.64	0.70	-1.17	3.28	3.11	4.44893	-75.19913	2.00	39.0000	28.0000	0.0000	0.0000	0.0000	-3.9024	-1.9512	-0.0609	2.4171
	-9.00	-22.00	12.72	-1.90	-0.89	3.32	3.11	4.44893	-75.19913	2.00	36.0000	29.0000	0.0000	0.0000	0.0000	-0.2439	3.6585	3.6585	2.4249
	-4.00	-23.00	12.57	-2.87	-0.96	3.33	3.10	4.44893	-75.19913	2.00	38.0000	29.0000	0.0000	0.0000	0.0000	-0.4878	-2.3170	1.5243	2.4302
	-8.00	-22.00	12.66	-2.84	-1.12	3.34	3.06	4.44893	-75.19913	2.00	36.0000	29.0000	0.0000	0.0000	0.0000	0.7926	2.2560	-0.3658	2.4360
	-7.00	-23.00	12.71	-2.47	-1.20	3.35	3.02	4.44893	-75.19913	2.00	37.0000	29.0000	0.0000	0.0000	0.0000	0.3658	-1.2195	0.5487	2.4427
	-4.00	-27.00	12.82	-2.17	-1.30	3.35	3.01	4.44893	-75.19913	2.00	38.0000	27.0000	0.0000	0.0000	0.0000	-1.2804	-1.3414	2.6829	2.4490
	-4.00	-27.00	12.93	-1.93	-1.45	3.37	3.02	4.44893	-75.19913	2.00	38.0000	27.0000	0.0000	0.0000	0.0000	-2.8048	1.8292	1.7682	2.4534
	-7.00	-23.00	12.89	-1.60	-1.56	3.38	3.06	4.44893	-75.19913	2.00	37.0000	29.0000	0.0000	0.0000	0.0000	-3.1707	1.0365	2.0121	2.4573
	-2.00	-23.00	12.72	-1.32	-1.60	3.39	3.12	4.44893	-75.19913	2.00	39.0000	29.0000	0.0000	0.0000	0.0000	-3.5365	-0.2439	0.4268	2.4605
	-3.00	-23.00	12.79	-1.25	-1.65	3.39	3.15	4.44893	-75.19913	2.00	39.0000	29.0000	0.0000	0.0000	0.0000	-3.2317	-2.9878	2.1951	2.4687
	-3.00	-20.00	12.94	-1.09	-1.42	3.38	3.15	4.44893	-75.19913	2.00	39.0000	30.0000	0.0000	0.0000	0.0000	-2.2560	-1.0975	2.4390	2.4768
	-2.00	-22.00	12.64	-0.58	-0.56	3.37	3.18	4.44893	-75.19913	2.00	39.0000	29.0000	0.0000	0.0000	0.0000	-4.8780	-2.7439	1.7682	2.4831
	-3.00	-18.00	12.72	-0.15	0.31	3.36	3.28	4.44893	-75.19913	2.00	39.0000	31.0000	0.0000	0.0000	0.0000	-3.2926	1.7073	0.6707	2.4854
	-2.00	-14.00	12.80	-0.23	0.43	3.36	3.36	4.44893	-75.19913	2.00	39.0000	33.0000	0.0000	0.0000	0.0000	2.6829	1.3414	1.4024	2.4884
	-2.00	-14.00	12.79	-0.39	0.37	3.36	3.40	4.44893	-75.19913	2.00	39.0000	33.0000	0.0000	0.0000	0.0000	0.3658	1.2804	2.3170	2.4926
	-3.00	-12.00	12.94	-0.33	0.65	3.36	3.39	4.44893	-75.19913	2.00	39.0000	34.0000	0.0000	0.0000	0.0000	0.0000	2.8658	2.0121	2.4956
	-7.00	-16.00	12.71	-0.48	0.62	3.38	3.35	4.44893	-75.19913	2.00	37.0000	32.0000	0.0000	0.0000	0.0000	-5.7317	-1.7073	1.0365	2.5033
	-4.00	-18.00	12.72	-0.93	0.07	3.40	3.28	4.44893	-75.19913	2.00	38.0000	31.0000	0.0000	0.0000	0.0000	-3.2926	0.8536	1.5243	2.5106
	-6.00	-18.00	12.73	-1.13	-0.15	3.41	3.23	4.44893	-75.19913	2.00	37.0000	31.0000	0.0000	0.0000	0.0000	-3.9024	-1.2804	2.0731	2.5163
	-12.00	-12.00	12.72	-0.88	0.27	3.42	3.20	4.44893	-75.19913	2.00	34.0000	34.0000	0.0000	0.0000	0.0000	-1.2195	1.0975	1.8292	2.5209
	-3.00	-16.00	12.72	-0.75	0.42	3.44	3.19	4.44893	-75.19913	2.00	39.0000	32.0000	0.0000	0.0000	0.0000	0.3658	0.4268	1.0975	2.5262
	-6.00	-14.00	12.76	-0.98	-0.04	3.46	3.19	4.44893	-75.19913	2.00	37.0000	33.0000	0.0000	0.0000	0.0000	-1.5853	-1.9512	1.4024	2.5327
	-4.00	-14.00	12.83	-1.04	-0.18	3.49	3.19	4.44893	-75.19913	2.00	38.0000	33.0000	0.0000	0.0000	0.0000	-1.4024	4.0243	1.8902	2.5353
	-4.00	-17.00	12.82	-0.77	0.35	3.51	3.16	4.44893	-75.19913	2.00	38.0000	32.0000	0.0000	0.0000	0.0000	-1.7682	-0.9756	1.7682	2.5390
	-4.00	-13.00	12.72	-0.69	0.57	3.52	3.13	4.44893	-75.19913	2.00	38.0000	34.0000	0.0000	0.0000	0.0000	0.0000	-0.4268	1.8902	2.5443
	-2.00	-13.00	12.89	-0.46	0.76	3.53	3.12	4.44893	-75.19913	2.00	39.0000	34.0000	0.0000	0.0000	0.0000	-2.3170	1.5243	1.6463	2.5498
	-3.00	-11.00	13.01	0.62	2.11	3.55	3.14	4.44893	-75.19913	2.00	39.0000	35.0000	0.0000	0.0000	0.0000	0.7926	-1.1585	1.4634	2.5553
	-2.00	-9.00	12.98	1.66	3.58	3.55	3.16	4.44893	-75.19913	2.00	39.0000	36.0000	0.0000	0.0000	0.0000	0.1829	3.1097	1.5243	2.5601
	-4.00	-11.00	12.72	1.59	3.63	3.55	3.18	4.44893	-75.19913	2.00	38.0000	35.0000	0.0000	0.0000	0.0000	-2.8658	1.2804	1.4634	2.5657
	-4.00	-16.00	12.62	1.13	3.06	3.54	3.19	4.44893	-75.19913	2.00	38.0000	32.0000	0.0000	0.0000	0.0000	-3.8414	-0.4878	1.4024	2.5719
	-3.00	-13.00	12.84	1.00	3.24	3.53	3.22	4.44893	-75.19913	2.00	39.0000	34.0000	0.0000	0.0000	0.0000	-0.3658	1.1585	1.5243	2.5777
	-1.00	-12.00	12.83	0.63	3.57	3.52	3.25	4.44893	-75.19913	2.0	40.0000	34.0000	0.0000	0.0000	0.0000	0.8536	-1.5243	1.4634	2.5796
	-8.00	-12.00	12.68	-0.15	3.18	3.53	3.27	4.44893	-75.19913	2.00	36.0000	34.0000	0.0000	0.0000	0.0000	-1.0975	2.0121	0.6707	2.5818
	-9.00	-12.00	12.61	-0.65	2.65	3.54	3.30	4.44892	-75.19913	2.00	36.0000	34.0000	0.0000	0.0000	0.0000	1.7682	0.0609	0.5487	2.5855
	-6.00	-16.00	12.61	-0.61	2.70	3.54	3.34	4.44892	-75.19913	2.00	37.0000	32.0000	0.0000	0.0000	0.0000	-4.0243	-2.0731	1.7682	2.5910
	-3.00	-14.00	12.61	-0.63	2.81	3.55	3.38	4.44892	-75.19913	2.00	39.0000	33.0000	0.0000	0.0000	0.0000	-0.7926	0.6707	2.3170	2.5960
	-9.00	-12.00	12.68	-0.98	2.45	3.57	3.40	4.44892	-75.19913	2.00	36.0000	34.0000	0.0000	0.0000	0.0000	1.3414	0.7317	0.5487	2.5992
	-4.00	-13.00	12.52	-0.83	2.34	3.58	3.38	4.44892	-75.19913	2.00	38.0000	34.0000	0.0000	0.0000	0.0000	-1.4634	3.7195	1.0365	2.6009
	-7.00	-14.00	12.69	0.16	3.18	3.59	3.32	4.44892	-75.19913	2.0	37.0000	33.0000	0.0000	0.0000	0.0000	-1.8902	-3.1097	1.5243	2.6047
	-9.00	-17.00	12.72	0.77	3.77	3.59	3.24	4.44892	-75.19913	2.00	36.0000	32.0000	0.0000	0.0000	0.0000	-2.3780	-1.7682	3.1097	2.6097
	-4.00	-13.00	12.58	1.13	3.62	3.59	3.21	4.44892	-75.19913	2.00	38.0000	34.0000	0.0000	0.0000	0.0000	-2.1341	-0.4878	3.3536	2.6147
	-7.00	-12.00	12.65	2.30	3.92	3.58	3.24	4.44892	-75.19913	2.00	37.0000	34.0000	0.0000	0.0000	0.0000	1.2804	-2.1951	1.1585	2.6175
	-2.00	-12.00	12.77	3.47	4.59	3.58	3.30	4.44892	-75.19913	2.00	39.0000	34.0000	0.0000	0.0000	0.0000	-2.5000	1.8902	1.0975	2.6198
