	0.00	0.00	13.37	-1.55	-1.25	0.00	0.02	4.449059	-75.199172	2.00	0.0000	0.0000	0.0794	-0.0489	-1.1137	0.8956	-1.1546	-1.3811	50.9921	0	0
	0.00	0.00	13.30	-1.63	-1.34	0.00	0.02	4.449059	-75.199172	2.00	0.0000	0.0000	0.0519	-0.0320	-0.9418	0.6330	-1.1544	-1.3796	51.0342	23	22
	0.00	0.00	13.33	-1.37	-2.19	0.00	0.49	4.449059	-75.199172	2.00	0.0000	0.0000	0.7766	0.3296	9.7897	11.6842	-1.1545	-1.3767	51.0426	30	38
	0.00	0.00	13.45	-0.39	-5.16	0.20	0.49	4.449059	-75.199172	2.00	0.0000	0.0000	1.1278	0.8796	15.8222	22.8875	-1.1453	-1.3335	51.1065	47	49
	0.00	0.00	13.33	2.11	-10.31	0.14	0.71	4.449059	-75.199172	2.00	0.0000	0.0000	1.6706	1.1738	26.2868	33.3409	-1.1787	-1.1990	51.4727	56	65
	0.00	0.00	13.07	7.29	-17.28	0.18	1.07	4.449059	-75.199172	2.00	0.0000	0.0000	2.2587	1.5356	35.7390	46.7197	-1.1808	-0.9321	51.1297	63	77
	0.00	0.00	12.89	14.68	-25.94	0.41	1.37	4.449059	-75.199172	2.00	0.0000	0.0000	2.7223	2.0106	44.7324	59.9060	-1.1082	-0.7138	51.0407	69	85
	0.00	0.00	12.79	21.88	-35.09	0.87	1.66	4.449057	-75.199172	2.00	0.0000	0.0000	3.1519	2.6237	53.5862	71.5746	-1.0859	-0.7282	51.2954	75	90
	0.00	0.00	12.87	26.16	-43.07	1.56	2.07	4.449057	-75.199172	2.00	0.0000	0.0000	3.6953	3.3800	60.5728	80.3191	-1.0122	-0.6666	51.4565	79	90
	0.00	0.00	12.76	27.43	-48.01	2.40	2.65	4.449057	-75.199172	2.00	0.0000	0.0000	4.3848	4.2299	64.6212	84.9236	-0.9585	-0.7722	51.3775	80	88
	0.00	0.00	12.93	27.28	-49.04	3.30	3.37	4.449057	-75.199172	2.00	0.0000	0.0000	5.1586	5.1145	65.9383	85.3625	-0.9702	-0.7813	51.2768	79	84
	0.00	0.00	12.97	25.69	-46.62	4.18	4.17	4.449057	-75.199172	2.00	0.0000	0.0000	5.9558	5.9703	64.4779	82.4023	-0.9051	-0.8574	51.2604	75	80
	0.00	0.00	13.16	22.64	-41.59	4.97	4.95	4.449057	-75.199172	2.00	0.0000	0.0000	6.6950	6.7377	60.5307	77.0089	-0.8858	-1.0061	51.1740	70	76
	0.00	0.00	13.18	19.14	-35.08	5.63	5.64	4.449057	-75.199172	2.00	0.0000	0.0000	7.3155	7.3791	55.3266	70.3276	-0.9166	-1.0266	51.1097	65	73
	0.00	0.00	13.19	15.84	-28.09	6.17	6.22	4.449057	-75.199172	2.00	0.0000	0.0000	7.8021	7.8982	49.7538	63.2796	-0.8071	-1.2649	51.0709	59	69
	0.00	0.00	13.16	12.55	-21.21	6.63	6.69	4.449057	-75.199172	2.0	0.0000	0.0000	8.1659	8.3239	43.9892	56.2244	-0.8109	-0.8314	50.9437	54	65
	0.00	0.00	13.07	9.10	-15.47	6.98	7.05	4.449057	-75.199172	2.00	0.0000	0.0000	8.4182	8.6191	38.1284	49.4982	-0.8182	-0.8021	50.7882	49	61
	0.00	0.00	13.22	5.58	-11.98	7.21	7.28	4.449057	-75.199172	2.00	0.0000	0.0000	8.5508	8.7665	32.4018	44.0353	-0.7980	-0.8408	50.6210	44	57
	0.00	0.00	13.34	2.95	-9.95	7.35	7.37	4.449057	-75.199172	2.00	0.0000	0.0000	8.5534	8.8072	27.6362	39.6615	-0.7907	-1.1024	50.4759	41	53
	0.00	0.00	13.34	2.13	-7.73	7.39	7.35	4.449057	-75.199172	2.00	0.0000	0.0000	8.4453	8.7632	24.5392	35.5211	-0.9416	-0.8898	50.3378	39	50
	0.00	0.00	13.32	2.12	-5.78	7.37	7.26	4.449057	-75.199172	2.00	0.0000	0.0000	8.2757	8.6724	22.5449	32.1453	-0.9209	-1.2421	50.2221	37	47
	0.00	0.00	13.33	1.57	-5.47	7.32	7.16	4.449057	-75.199172	2.00	0.0000	0.0000	8.1155	8.5408	20.8640	29.9825	-0.9176	-1.1793	50.0961	35	44
	0.00	0.00	13.37	1.04	-6.04	7.24	7.08	4.449057	-75.199172	2.00	0.0000	0.0000	7.9812	8.3751	19.4122	28.4683	-0.9186	-1.2623	49.9417	33	42
	0.00	0.00	13.27	1.35	-5.80	7.14	7.01	4.449045	-75.199172	2.00	0.0000	0.0000	7.8481	8.2102	18.3510	26.8675	-0.8480	-1.1715	49.7730	31	40
	0.00	0.00	13.22	1.72	-5.09	7.02	6.91	4.449045	-75.199172	2.00	0.0000	0.0000	7.6927	8.0471	17.3455	25.3604	-0.8157	-1.0872	49.6186	30	39
	0.00	0.00	13.30	1.73	-4.73	6.88	6.74	4.449045	-75.199172	2.00	0.0000	0.0000	7.4959	7.8757	16.5555	24.3709	-0.7011	-1.2119	49.4928	30	38
	0.00	0.00	13.33	2.01	-4.21	6.80	6.58	4.449045	-75.199172	2.00	0.0000	0.0000	7.3217	7.7655	16.6810	23.6498	-0.5812	-1.1991	49.4384	30	37
	0.00	0.00	13.32	2.27	-3.50	6.74	6.52	4.449045	-75.199172	2.00	0.0000	0.0000	7.2386	7.6765	16.9291	22.5223	-0.5354	-1.1649	49.3231	29	36
	0.00	0.00	13.30	1.75	-3.01	6.65	6.56	4.449045	-75.199172	2.00	0.0000	0.0000	7.2436	7.5640	16.1662	21.4979	-0.5448	-1.1071	49.1480	26	36
	0.00	0.00	13.33	0.76	-2.66	6.55	6.64	4.449045	-75.199172	2.00	0.0000	0.0000	7.2782	7.4494	14.4585	20.9101	-0.5658	-1.2954	49.0271	24	35
	0.00	0.00	13.27	0.00	-2.27	6.50	6.72	4.449045	-75.199172	2.00	0.0000	0.0000	7.3011	7.3829	12.5085	20.5139	-0.5857	-1.1587	48.9001	21	34
	0.00	0.00	13.27	-0.37	-1.91	6.50	6.77	4.449045	-75.199172	2.00	0.0000	0.0000	7.2877	7.3562	10.6314	19.8433	-0.5842	-1.2173	48.7989	19	33
	0.00	0.00	13.33	-0.62	-1.79	6.50	6.74	4.449045	-75.199172	2.00	0.0000	0.0000	7.2064	7.3222	8.9415	18.9535	-0.5187	-1.2974	48.6553	18	32
	0.00	0.00	13.32	-0.85	-2.07	6.43	6.65	4.449045	-75.199172	2.00	0.0000	0.0000	7.0846	7.2259	7.8781	18.2832	-0.5066	-1.3878	48.5250	17	32
	0.00	0.00	13.22	-1.00	-2.40	6.30	6.51	4.449045	-75.199172	2.00	0.0000	0.0000	6.9338	7.0899	7.3964	18.2520	-0.5643	-1.3412	48.4740	18	32
	0.00	0.00	13.25	-1.07	-2.41	6.20	6.36	4.449045	-75.199172	2.00	0.0000	0.0000	6.7886	6.9963	7.5139	18.6714	-0.6346	-1.2305	48.4634	19	33
	0.00	0.00	13.27	-1.17	-2.34	6.17	6.21	4.449045	-75.199172	2.00	0.0000	0.0000	6.6563	6.9665	7.9052	18.9705	-0.7182	-1.1343	48.4410	20	32
	0.00	0.00	13.37	-1.36	-2.61	6.15	6.09	4.449045	-75.199172	2.00	0.0000	0.0000	6.5607	6.9377	8.4927	18.9949	-0.7862	-1.1601	48.2943	21	32
	0.00	0.00	13.33	-1.28	-3.02	6.11	5.99	4.449045	-75.199172	2.00	0.0000	0.0000	6.4845	6.8902	9.1917	19.0764	-0.6887	-1.1716	48.1786	22	32
	0.00	0.00	13.36	-0.84	-3.05	6.01	5.91	4.449045	-75.199172	2.00	0.0000	0.0000	6.4243	6.8043	10.0914	19.1857	-0.6010	-1.1558	48.0335	23	34
	0.00	0.00	13.12	-0.58	-3.04	5.86	5.85	4.449032	-75.199172	2.00	0.0000	0.0000	6.3856	6.6920	10.8852	19.8813	-0.5006	-1.1778	47.8563	24	36
	0.00	0.00	13.22	-0.69	-3.58	5.68	5.80	4.449032	-75.199172	2.00	0.0000	0.0000	6.3633	6.5640	11.4669	21.4247	-0.4037	-1.1174	47.7859	25	39
	0.00	0.00	13.37	-0.74	-4.18	5.55	5.76	4.449032	-75.199172	2.00	0.0000	0.0000	6.3520	6.4894	12.1089	23.4622	-0.3675	-1.1007	47.7313	26	41
	0.00	0.00	13.26	-0.54	-4.30	5.47	5.71	4.449032	-75.199172	2.00	0.0000	0.0000	6.3315	6.4678	12.8683	25.0923	-0.3527	-1.1976	47.7121	27	43
	0.00	0.00	13.36	-0.44	-4.47	5.41	5.64	4.449032	-75.199172	2.00	0.0000	0.0000	6.3003	6.4649	13.7317	26.5578	-0.2717	-1.3293	47.6143	29	45
	0.00	0.00	13.36	-0.55	-5.03	5.32	5.57	4.449032	-75.199172	2.00	0.0000	0.0000	6.2788	6.4354	14.7504	28.1921	-0.3304	-1.2516	47.4321	31	48
	0.00	0.00	13.26	-0.70	-5.65	5.23	5.51	4.449032	-75.199172	2.00	0.0000	0.0000	6.2720	6.4123	15.8587	30.2188	-0.3677	-1.2535	47.3780	33	51
	0.00	0.00	13.16	-0.94	-6.37	5.15	5.48	4.449032	-75.199172	2.00	0.0000	0.0000	6.2943	6.4025	16.9474	32.4220	-0.3828	-1.0719	47.3550	35	54
	0.00	0.00	13.37	-1.07	-7.55	5.13	5.47	4.449032	-75.199172	2.0	0.0000	0.0000	6.3313	6.4386	17.9276	34.9033	-0.3836	-1.1145	47.2570	36	56
	0.00	0.00	13.19	-0.31	-8.43	5.16	5.47	4.449032	-75.199172	2.0	0.0000	0.0000	6.3625	6.5146	19.2275	36.8192	-0.4055	-1.0674	47.1446	37	57
	0.00	0.00	13.29	1.44	-8.38	5.21	5.47	4.449032	-75.199172	2.00	0.0000	0.0000	6.3762	6.6138	20.9210	37.9094	-0.3733	-1.2094	47.0742	38	59
	0.00	0.00	13.11	2.72	-8.75	5.27	5.46	4.449032	-75.199172	2.00	0.0000	0.0000	6.3851	6.7118	22.3588	39.0349	-0.4022	-1.2574	47.0596	39	60
	0.00	0.00	13.30	2.91	-10.25	5.33	5.46	4.449032	-75.199172	2.0	0.0000	0.0000	6.4193	6.7876	23.3691	40.5366	-0.5446	-1.2690	47.0004	41	60
	0.00	0.00	13.33	3.24	-11.20	5.39	5.48	4.449032	-75.199172	2.00	0.0000	0.0000	6.4701	6.8631	24.4036	41.6386	-0.5923	-1.2469	46.9482	42	61
	0.00	0.00	13.22	3.92	-10.99	5.48	5.54	4.449032	-75.199172	2.00	0.0000	0.0000	6.5447	6.9749	25.4268	42.0935	-0.5428	-1.2993	46.8586	42	61
	0.00	0.00	13.14	3.82	-11.04	5.59	5.61	4.449032	-75.199172	2.00	0.0000	0.0000	6.6300	7.0936	25.6760	42.3463	-0.5398	-1.1510	46.7437	42	61
	0.00	0.00	13.18	3.08	-11.65	5.69	5.71	4.449026	-75.199165	2.00	0.0000	0.0000	6.7434	7.1864	25.4722	42.5537	-0.7537	-1.3968	46.7363	42	60
	0.00	0.00	13.30	2.49	-11.88	5.79	5.85	4.449026	-75.199165	2.00	0.0000	0.0000	6.8788	7.2757	24.9807	42.4767	-0.7851	-1.2166	46.6061	41	60
	0.00	0.00	13.14	1.96	-11.54	5.85	6.01	4.449026	-75.199165	2.00	0.0000	0.0000	7.0155	7.3347	24.0067	41.9671	-0.6696	-1.3067	46.4686	39	60
	0.00	0.00	13.27	1.23	-11.24	5.88	6.15	4.449026	-75.199165	2.0	0.0000	0.0000	7.1251	7.3693	22.5490	41.6916	-0.6054	-1.1813	46.3970	37	60
	0.00	0.00	13.07	0.67	-11.15	5.87	6.25	4.449026	-75.199165	2.00	0.0000	0.0000	7.1915	7.3698	21.1117	41.6650	-0.5877	-1.2604	46.3461	36	61
	0.00	0.00	13.22	1.08	-10.58	5.88	6.26	4.449026	-75.199165	2.00	0.0000	0.0000	7.1680	7.3961	20.2660	41.6874	-0.5802	-1.3576	46.2920	35	61
	0.00	0.00	13.15	1.93	-9.61	5.92	6.17	4.449026	-75.199165	2.00	0.0000	0.0000	7.0622	7.4516	20.2283	41.3439	-0.7491	-1.2531	46.2288	36	61
	0.00	0.00	13.33	1.98	-9.43	5.96	5.98	4.449026	-75.199165	2.0	0.0000	0.0000	6.9015	7.4921	20.6184	41.1290	-0.7675	-1.2052	46.1976	39	61
	0.00	0.00	13.25	1.67	-9.94	5.97	5.77	4.449026	-75.199165	2.00	0.0000	0.0000	6.7543	7.4938	21.8474	41.1777	-0.6384	-1.2858	46.1065	42	61
	0.00	0.00	13.25	1.95	-9.97	5.97	5.67	4.449026	-75.199165	2.00	0.0000	0.0000	6.7058	7.4932	23.8038	41.1722	-0.6390	-1.2359	45.9946	43	61
	0.00	0.00	13.27	2.30	-9.31	5.99	5.74	4.449026	-75.199165	2.00	0.0000	0.0000	6.7900	7.5200	25.1153	40.9010	-0.7306	-1.3389	45.9373	42	61
	0.00	0.00	13.16	2.05	-8.94	6.03	5.90	4.449026	-75.199165	2.00	0.0000	0.0000	6.9358	7.5580	24.8352	40.6095	-0.8182	-1.4089	45.8473	40	60
	0.00	0.00	13.26	1.64	-9.46	6.07	6.07	4.449026	-75.199165	2.00	0.0000	0.0000	7.0730	7.5785	23.6724	40.5434	-0.8098	-1.4647	45.6898	38	59
	0.00	0.00	13.37	1.91	-9.68	6.10	6.19	4.449026	-75.199165	2.00	0.0000	0.0000	7.1467	7.5895	22.5452	40.2468	-0.8393	-1.4527	45.5330	37	59
	0.00	0.00	13.27	2.47	-8.84	6.14	6.27	4.449026	-75.199165	2.00	0.0000	0.0000	7.1767	7.6219	21.7111	39.4658	-0.9157	-1.3620	45.4928	35	58
	0.00	0.00	13.27	2.24	-8.28	6.22	6.31	4.449026	-75.199165	2.00	0.0000	0.0000	7.1821	7.6814	20.6161	38.7107	-0.9260	-1.2516	45.5101	34	57
	0.00	0.00	13.14	1.40	-8.64	6.35	6.32	4.449026	-75.199165	2.00	0.0000	0.0000	7.1747	7.7585	19.4568	37.9749	-0.9968	-1.0245	45.4285	33	54
	0.00	0.00	13.25	0.71	-8.87	6.47	6.32	4.449026	-75.199165	2.00	0.0000	0.0000	7.1612	7.8132	18.5707	36.5909	-1.0861	-0.9449	45.3811	33	51
	0.00	0.00	13.27	0.13	-8.89	6.53	6.33	4.449026	-75.199165	2.00	0.0000	0.0000	7.1552	7.8143	17.7880	35.0194	-1.1080	-0.9337	45.2763	32	49
	0.00	0.00	13.01	-0.49	-9.66	6.53	6.34	4.449026	-75.199165	2.00	0.0000	0.0000	7.1482	7.7572	16.8884	34.1590	-0.9195	-1.1421	45.1350	31	48
	0.00	0.00	13.38	-0.66	-10.26	6.49	6.35	4.449026	-75.199165	2.00	0.0000	0.0000	7.1341	7.6736	16.2012	33.5950	-0.9112	-1.0108	45.0660	30	47
	0.00	0.00	13.09	0.08	-9.15	6.43	6.37	4.449026	-75.199165	2.00	0.0000	0.0000	7.1130	7.6050	15.9281	32.5257	-0.8457	-1.2298	44.9899	29	47
	0.00	0.00	13.11	1.01	-7.52	6.34	6.36	4.449026	-75.199165	2.00	0.0000	0.0000	7.0605	7.5315	15.6148	31.4834	-0.7656	-1.2751	44.9083	28	48
	0.00	0.00	13.22	1.12	-7.29	6.21	6.33	4.449026	-75.199165	2.00	0.0000	0.0000	7.0054	7.4182	15.1380	31.4985	-0.7364	-1.3837	44.8040	27	49
	0.00	0.00	13.34	0.70	-7.94	6.08	6.27	4.449026	-75.199165	2.00	0.0000	0.0000	6.9400	7.3019	14.6083	32.3841	-0.6305	-1.4174	44.7035	27	50
	0.00	0.00	13.32	0.53	-7.68	5.98	6.22	4.449026	-75.199165	2.00	0.0000	0.0000	6.8878	7.2294	14.5228	32.9860	-0.5578	-1.2634	44.6864	27	51
	0.00	0.00	13.16	0.49	-7.01	5.92	6.20	4.449026	-75.199165	2.00	0.0000	0.0000	6.8606	7.2019	14.4809	33.3638	-0.6039	-1.1843	44.6752	27	52
	0.00	0.00	13.11	0.15	-7.63	5.92	6.20	4.449026	-75.199165	2.00	0.0000	0.0000	6.8526	7.2067	14.1075	34.2056	-0.6549	-1.2173	44.6632	26	52
	0.00	0.00	13.27	-0.12	-8.67	5.95	6.18	4.449026	-75.199165	2.00	0.0000	0.0000	6.8269	7.2215	13.6512	34.7904	-0.6610	-1.1309	44.6164	26	51
	0.00	0.00	13.36	0.30	-8.22	5.96	6.14	4.449026	-75.199165	2.00	0.0000	0.0000	6.7781	7.2346	13.7206	34.4002	-0.6756	-1.1132	44.5077	26	51
	0.00	0.00	13.26	0.93	-7.24	5.97	6.08	4.449026	-75.199165	2.00	0.0000	0.0000	6.7131	7.2590	14.0701	33.9468	-0.7110	-1.0777	44.3715	27	52
	0.00	0.00	13.25	0.89	-7.67	5.96	6.00	4.449026	-75.199165	2.00	0.0000	0.0000	6.6469	7.2494	14.3202	34.1708	-0.7042	-1.2240	44.2394	28	52
	0.00	0.00	13.20	0.70	-8.58	5.95	5.92	4.449026	-75.199165	2.00	0.0000	0.0000	6.5922	7.2315	14.7859	34.7442	-0.7365	-1.2514	44.1417	29	52
	0.00	0.00	13.30	0.95	-8.67	5.95	5.86	4.449026	-75.199165	2.00	0.0000	0.0000	6.5542	7.2321	15.5891	34.9074	-0.7990	-1.0921	44.0118	30	52
	0.00	0.00	13.19	0.90	-9.01	5.95	5.84	4.449020	-75.199165	2.00	0.0000	0.0000	6.5542	7.2304	16.1798	35.1506	-0.8462	-1.2265	43.8898	30	52
	0.00	0.00	13.34	0.54	-9.83	5.95	5.83	4.449020	-75.199165	2.00	0.0000	0.0000	6.5659	7.2215	16.3815	35.6240	-0.8378	-1.0212	43.7777	31	52
	0.00	0.00	13.27	0.74	-9.62	5.91	5.83	4.449020	-75.199165	2.00	0.0000	0.0000	6.5781	7.1942	16.8329	35.5780	-0.8421	-1.0332	43.6900	31	53
	0.00	0.00	13.41	1.34	-8.58	5.83	5.85	4.449020	-75.199165	2.00	0.0000	0.0000	6.5981	7.1553	17.3906	35.5209	-0.7915	-0.8469	43.5781	31	55
	0.00	0.00	13.15	1.42	-8.54	5.74	5.88	4.449020	-75.199165	2.00	0.0000	0.0000	6.6290	7.1064	17.5076	36.3797	-0.7472	-0.8966	43.4870	31	56
	0.00	0.00	13.41	1.40	-9.11	5.67	5.89	4.449020	-75.199165	2.00	0.0000	0.0000	6.6435	7.0704	17.4849	37.6984	-0.7809	-0.9071	43.4412	31	58
	0.00	0.00	13.26	2.38	-8.39	5.61	5.88	4.449020	-75.199165	2.00	0.0000	0.0000	6.6290	7.0627	18.0909	38.3295	-0.8068	-0.9755	43.4262	32	60
	0.00	0.00	13.12	3.53	-7.42	5.58	5.84	4.449020	-75.199165	2.00	0.0000	0.0000	6.5880	7.0891	18.8981	38.9190	-0.7567	-1.0391	43.3534	32	61
	0.00	0.00	13.07	3.41	-8.39	5.58	5.81	4.449020	-75.199165	2.00	0.0000	0.0000	6.5770	7.1132	19.3524	40.2982	-0.7192	-1.0758	43.2811	33	62
	0.00	0.00	13.08	2.60	-10.21	5.60	5.80	4.449020	-75.199165	2.00	0.0000	0.0000	6.5970	7.1336	19.4696	41.8250	-0.7326	-1.0723	43.3038	34	62
	0.00	0.00	13.36	2.46	-10.73	5.63	5.83	4.449020	-75.199165	2.00	0.0000	0.0000	6.6411	7.1735	19.8100	42.5280	-0.7916	-0.9931	43.3113	34	63
	0.00	0.00	13.11	2.69	-10.67	5.69	5.89	4.449020	-75.199165	2.00	0.0000	0.0000	6.6972	7.2450	19.9752	42.8801	-0.8471	-0.9464	43.2474	33	63
	0.00	0.00	13.22	2.23	-11.55	5.76	5.92	4.449020	-75.199165	2.00	0.0000	0.0000	6.7311	7.3066	19.4984	43.3963	-0.8186	-1.0378	43.1815	33	62
	0.00	0.00	13.25	1.67	-12.31	5.81	5.93	4.449020	-75.199165	2.00	0.0000	0.0000	6.7514	7.3456	19.1845	43.6509	-0.8198	-1.1416	43.1458	34	62
	0.00	0.00	13.19	1.73	-12.08	5.86	5.92	4.449020	-75.199165	2.00	0.0000	0.0000	6.7486	7.3958	19.2883	43.4957	-0.8384	-1.1943	43.0335	34	62
	0.00	0.00	12.95	1.54	-12.34	5.90	5.91	4.449020	-75.199165	2.00	0.0000	0.0000	6.7501	7.4304	19.4002	43.5213	-0.8057	-1.1769	42.9354	35	62
	0.00	0.00	13.19	1.04	-13.11	5.95	5.92	4.449020	-75.199165	2.00	0.0000	0.0000	6.7732	7.4624	19.3747	43.7853	-0.8130	-1.1038	42.8581	35	61
	0.00	0.00	13.23	1.21	-12.72	6.01	5.94	4.449011	-75.199165	2.00	0.0000	0.0000	6.7936	7.5129	19.5255	43.3029	-0.9898	-0.9467	42.7864	35	60
	0.00	0.00	13.07	1.77	-11.72	6.08	5.99	4.449011	-75.199165	2.00	0.0000	0.0000	6.8281	7.5775	19.7482	42.3968	-0.9707	-0.9307	42.6643	34	60
	0.00	0.00	13.09	1.69	-11.90	6.12	6.04	4.449011	-75.199165	2.00	0.0000	0.0000	6.8644	7.5980	19.3499	41.9067	-0.8512	-0.9099	42.5424	33	59
	0.00	0.00	13.29	1.04	-12.73	6.11	6.09	4.449011	-75.199165	2.00	0.0000	0.0000	6.9060	7.5657	18.6303	41.8558	-0.7341	-0.8781	42.4576	33	59
	0.00	0.00	13.20	0.89	-12.25	6.07	6.13	4.449011	-75.199165	2.00	0.0000	0.0000	6.9306	7.5302	18.0912	41.5089	-0.6475	-0.8867	42.4137	32	59
	0.00	0.00	13.14	1.43	-10.85	6.02	6.16	4.449011	-75.199165	2.00	0.0000	0.0000	6.9342	7.5086	17.8804	41.0142	-0.6503	-1.1679	42.3549	31	60
	0.00	0.00	12.95	1.51	-10.75	5.98	6.16	4.449011	-75.199165	2.00	0.0000	0.0000	6.9170	7.4849	17.4419	41.3231	-0.7235	-1.2181	42.3646	31	61
	0.00	0.00	13.22	1.04	-11.63	5.97	6.15	4.449011	-75.199165	2.00	0.0000	0.0000	6.9026	7.4705	16.9656	42.0518	-0.6899	-1.3699	42.3210	30	60
	0.00	0.00	13.23	0.72	-11.56	5.96	6.12	4.449011	-75.199165	2.00	0.0000	0.0000	6.8739	7.4649	16.6535	42.0884	-0.6661	-1.2964	42.2252	31	61
	0.00	0.00	13.19	0.45	-11.14	5.96	6.13	4.449011	-75.199165	2.00	0.0000	0.0000	6.8797	7.4745	16.5472	42.0215	-0.5469	-1.3369	42.1442	30	61
	0.00	0.00	13.23	-0.02	-11.54	5.96	6.17	4.449011	-75.199165	2.00	0.0000	0.0000	6.9087	7.4732	16.0198	42.2916	-0.4745	-1.3665	42.1072	29	61
	0.00	0.00	13.22	-0.58	-11.99	5.96	6.21	4.449011	-75.199165	2.00	0.0000	0.0000	6.9342	7.4690	15.1949	42.5632	-0.5030	-1.3454	42.1082	28	61
	0.00	0.00	13.32	-0.90	-11.75	5.97	6.22	4.449011	-75.199165	2.00	0.0000	0.0000	6.9295	7.4818	14.4424	42.4962	-0.4627	-1.5465	42.0979	28	61
	0.00	0.00	13.16	-0.89	-11.36	5.98	6.20	4.449011	-75.199165	2.00	0.0000	0.0000	6.8969	7.4973	14.0469	42.2897	-0.5216	-1.6395	42.0525	28	61
	0.00	0.00	13.14	-0.91	-11.54	5.98	6.16	4.449011	-75.199165	2.00	0.0000	0.0000	6.8518	7.4966	13.8619	42.3559	-0.6241	-1.6453	41.9341	28	61
	0.00	0.00	13.07	-0.99	-11.68	5.98	6.15	4.449011	-75.199165	2.00	0.0000	0.0000	6.8358	7.4958	13.8430	42.4553	-0.6182	-1.6052	41.8139	28	61
	0.00	0.00	13.15	-0.94	-11.16	6.00	6.14	4.449002	-75.199157	2.00	0.0000	0.0000	6.8172	7.5199	13.6764	42.2270	-0.5455	-1.5387	41.6171	27	61
	0.00	0.00	13.16	-0.89	-10.75	6.07	6.14	4.449002	-75.199157	2.00	0.0000	0.0000	6.8067	7.5810	13.5392	41.8938	-0.5949	-1.4208	41.4815	27	60
	0.00	0.00	13.29	-0.97	-10.80	6.21	6.16	4.449002	-75.199157	2.00	0.0000	0.0000	6.8130	7.6821	13.2631	41.3085	-0.5731	-1.2100	41.4306	26	57
	0.00	0.00	13.04	-1.13	-10.81	6.36	6.20	4.449002	-75.199157	2.00	0.0000	0.0000	6.8336	7.7746	12.7782	39.9762	-0.5588	-1.1051	41.3772	25	54
	0.00	0.00	13.11	-1.27	-10.41	6.42	6.24	4.449002	-75.199157	2.00	0.0000	0.0000	6.8496	7.7887	12.1052	38.1715	-0.5742	-1.2210	41.2645	24	53
	0.00	0.00	13.14	-1.35	-9.53	6.38	6.27	4.449002	-75.199157	2.00	0.0000	0.0000	6.8536	7.7327	11.4069	36.7133	-0.5857	-1.2492	41.1937	23	54
	0.00	0.00	13.20	-1.39	-8.78	6.28	6.27	4.449002	-75.199157	2.00	0.0000	0.0000	6.8315	7.6397	10.7513	36.0805	-0.5815	-1.3793	41.1258	22	54
	0.00	0.00	13.11	-1.42	-8.70	6.17	6.26	4.449002	-75.199157	2.00	0.0000	0.0000	6.8032	7.5421	10.3134	36.3182	-0.5195	-1.4453	41.0847	22	55
	0.00	0.00	13.20	-1.40	-8.70	6.06	6.23	4.449002	-75.199157	2.00	0.0000	0.0000	6.7602	7.4516	9.9733	36.7942	-0.4344	-1.5713	40.9924	22	56
	0.00	0.00	13.32	-1.31	-8.84	5.96	6.18	4.449002	-75.199157	2.00	0.0000	0.0000	6.7040	7.3751	9.8575	37.5138	-0.3750	-1.4730	40.8760	22	57
	0.00	0.00	13.19	-1.26	-9.84	5.87	6.15	4.449002	-75.199157	2.00	0.0000	0.0000	6.6694	7.3008	9.9351	38.7410	-0.3964	-1.3738	40.8868	22	58
	0.00	0.00	13.18	-0.98	-10.60	5.80	6.14	4.449002	-75.199157	2.00	0.0000	0.0000	6.6486	7.2492	10.0180	39.9001	-0.4321	-1.3586	40.8839	21	59
	0.00	0.00	13.23	-0.16	-10.11	5.76	6.15	4.449002	-75.199157	2.00	0.0000	0.0000	6.6346	7.2429	10.2397	40.4285	-0.3954	-1.2784	40.8410	20	61
	0.00	0.00	13.25	0.58	-9.46	5.76	6.13	4.449002	-75.199157	2.00	0.0000	0.0000	6.5941	7.2749	10.2545	40.7750	-0.3627	-1.2805	40.7955	20	61
	0.00	0.00	13.18	0.56	-9.90	5.80	6.08	4.449002	-75.199157	2.00	0.0000	0.0000	6.5437	7.3212	10.1651	41.3802	-0.4364	-1.3323	40.7345	21	61
	0.00	0.00	13.34	0.32	-10.81	5.86	6.02	4.449002	-75.199157	2.00	0.0000	0.0000	6.4967	7.3676	10.2764	41.8422	-0.4972	-1.3661	40.6463	21	60
	0.00	0.00	13.22	0.58	-10.73	5.94	5.95	4.449002	-75.199157	2.00	0.0000	0.0000	6.4414	7.4353	10.7935	41.5824	-0.5151	-1.3715	40.5455	22	59
	0.00	0.00	13.27	0.92	-10.29	6.04	5.91	4.448993	-75.199157	2.00	0.0000	0.0000	6.4136	7.5187	11.5130	40.9133	-0.4530	-1.2790	40.4546	23	58
	0.00	0.00	13.14	0.70	-10.72	6.14	5.88	4.448993	-75.199157	2.00	0.0000	0.0000	6.4024	7.5820	11.7966	40.3819	-0.4435	-1.2473	40.3722	23	57
	0.00	0.00	13.22	0.42	-11.01	6.22	5.88	4.448993	-75.199157	2.00	0.0000	0.0000	6.4185	7.6215	12.0622	39.5999	-0.4342	-1.3386	40.2924	24	55
	0.00	0.00	13.04	0.86	-9.76	6.25	5.90	4.448993	-75.199157	2.00	0.0000	0.0000	6.4386	7.6384	12.4656	38.0869	-0.4304	-1.3360	40.2121	23	55
	0.00	0.00	13.09	1.52	-8.17	6.21	5.93	4.448993	-75.199157	2.00	0.0000	0.0000	6.4582	7.6105	12.7904	36.7675	-0.3862	-1.4087	40.1408	23	56
	0.00	0.00	13.04	1.46	-8.19	6.11	5.97	4.448993	-75.199157	2.00	0.0000	0.0000	6.4917	7.5225	12.6444	36.7968	-0.3306	-1.2683	40.0859	23	57
	0.00	0.00	13.25	1.19	-8.96	5.99	5.99	4.448993	-75.199157	2.00	0.0000	0.0000	6.5103	7.4164	12.2883	37.7024	-0.2909	-1.3581	40.0339	23	58
	0.00	0.00	13.25	1.31	-9.37	5.88	5.99	4.448993	-75.199157	2.00	0.0000	0.0000	6.5082	7.3316	12.2486	38.7204	-0.2605	-1.3276	39.9904	23	59
	0.00	0.00	13.16	1.15	-10.65	5.77	5.98	4.448993	-75.199157	2.00	0.0000	0.0000	6.5028	7.2432	12.1921	40.2772	-0.2567	-1.2819	39.9176	23	61
	0.00	0.00	13.20	0.58	-12.00	5.68	5.95	4.448993	-75.199157	2.00	0.0000	0.0000	6.4897	7.1754	12.0248	42.0225	-0.2825	-1.4159	39.8168	24	62
	0.00	0.00	13.22	0.43	-11.41	5.64	5.91	4.448993	-75.199157	2.00	0.0000	0.0000	6.4678	7.1794	12.2673	42.8133	-0.2761	-1.2729	39.7622	25	63
	0.00	0.00	13.15	0.74	-10.49	5.66	5.91	4.448993	-75.199157	2.00	0.0000	0.0000	6.4740	7.2403	12.8448	43.2166	-0.2951	-1.3828	39.7486	24	64
	0.00	0.00	13.08	0.72	-11.48	5.70	5.92	4.448993	-75.199157	2.00	0.0000	0.0000	6.4888	7.2859	12.9481	44.1186	-0.3525	-1.4592	39.7331	25	64
	0.00	0.00	13.33	0.63	-12.98	5.76	5.94	4.448993	-75.199157	2.00	0.0000	0.0000	6.5113	7.3299	12.9637	45.0256	-0.3848	-1.6503	39.6964	24	63
	0.00	0.00	13.26	1.35	-12.69	5.86	5.93	4.448993	-75.199157	2.00	0.0000	0.0000	6.4967	7.4220	13.2783	44.8058	-0.4346	-1.6625	39.6310	25	63
	0.00	0.00	13.12	2.25	-11.68	5.95	5.92	4.448993	-75.199157	2.00	0.0000	0.0000	6.4797	7.5105	13.8946	43.8511	-0.5131	-1.6727	39.5726	25	62
	0.00	0.00	13.15	2.14	-12.11	6.02	5.91	4.448984	-75.199157	2.00	0.0000	0.0000	6.4772	7.5590	14.0100	43.5717	-0.5616	-1.6478	39.5527	25	61
	0.00	0.00	13.09	1.39	-12.89	6.06	5.91	4.448984	-75.199157	2.00	0.0000	0.0000	6.4952	7.5714	13.8632	43.4390	-0.6029	-1.7783	39.4528	26	60
	0.00	0.00	13.20	1.22	-11.85	6.11	5.92	4.448984	-75.199157	2.00	0.0000	0.0000	6.5145	7.6149	13.9457	42.5479	-0.6617	-1.5864	39.3306	26	60
	0.00	0.00	13.12	1.58	-9.89	6.20	5.96	4.448984	-75.199157	2.00	0.0000	0.0000	6.5473	7.7038	14.1814	41.0942	-0.7189	-1.5201	39.2490	25	59
	0.00	0.00	13.18	1.41	-9.43	6.28	6.02	4.448984	-75.199157	2.00	0.0000	0.0000	6.5966	7.7577	13.8606	39.9706	-0.6713	-1.4696	39.2023	24	57
	0.00	0.00	13.16	0.74	-10.07	6.30	6.08	4.448984	-75.199157	2.00	0.0000	0.0000	6.6478	7.7393	13.0871	39.3018	-0.5678	-1.4210	39.0840	24	56
	0.00	0.00	13.22	0.14	-9.97	6.27	6.16	4.448984	-75.199157	2.00	0.0000	0.0000	6.7105	7.6904	12.2746	38.6385	-0.5338	-1.3153	38.9789	22	56
	0.00	0.00	13.15	-0.41	-9.76	6.18	6.21	4.448984	-75.199157	2.00	0.0000	0.0000	6.7416	7.6034	11.2068	38.3331	-0.5540	-1.1869	38.9490	22	57
	0.00	0.00	13.18	-0.92	-10.30	6.08	6.22	4.448984	-75.199157	2.00	0.0000	0.0000	6.7384	7.5099	10.3089	38.9563	-0.5534	-1.3439	38.9939	21	58
	0.00	0.00	13.20	-1.27	-10.29	5.99	6.19	4.448984	-75.199157	2.00	0.0000	0.0000	6.7033	7.4392	9.7481	39.4861	-0.4855	-1.3619	38.9821	21	59
	0.00	0.00	13.25	-1.42	-9.52	5.94	6.15	4.448984	-75.199157	2.00	0.0000	0.0000	6.6624	7.4184	9.5999	39.7321	-0.5312	-1.2961	38.8685	22	60
	0.00	0.00	13.15	-1.48	-9.41	5.92	6.13	4.448984	-75.199157	2.00	0.0000	0.0000	6.6397	7.4155	9.6051	40.1199	-0.6041	-1.1635	38.7439	21	60
	0.00	0.00	13.11	-1.50	-9.97	5.92	6.12	4.448984	-75.199157	2.00	0.0000	0.0000	6.6244	7.4166	9.5092	40.6468	-0.6153	-1.1031	38.7029	21	60
	0.00	0.00	13.20	-1.50	-10.16	5.89	6.12	4.448984	-75.199157	2.00	0.0000	0.0000	6.6164	7.3953	9.3767	40.8431	-0.5970	-1.0171	38.6537	21	61
	0.00	0.00	13.25	-1.50	-9.80	5.85	6.11	4.448984	-75.199157	2.00	0.0000	0.0000	6.5997	7.3784	9.1761	41.0635	-0.4580	-1.0109	38.5824	21	62
	0.00	0.00	13.05	-1.54	-10.15	5.82	6.07	4.448984	-75.199157	2.00	0.0000	0.0000	6.5610	7.3650	9.0525	41.7695	-0.4160	-1.0381	38.5229	21	62
	0.00	0.00	13.27	-1.63	-11.58	5.80	6.02	4.448984	-75.199157	2.00	0.0000	0.0000	6.5204	7.3443	9.1846	42.9506	-0.5538	-1.1352	38.5442	22	63
	0.00	0.00	13.26	-1.72	-12.39	5.83	5.95	4.448977	-75.199157	2.00	0.0000	0.0000	6.4689	7.3693	9.4570	43.7559	-0.6883	-1.0834	38.5839	23	62
	0.00	0.00	13.18	-1.80	-12.29	5.88	5.89	4.448977	-75.199157	2.00	0.0000	0.0000	6.4321	7.4183	9.9893	43.7290	-0.6991	-1.1235	38.5339	24	62
	0.00	0.00	13.18	-1.83	-12.54	5.94	5.85	4.448977	-75.199157	2.00	0.0000	0.0000	6.4145	7.4674	10.5583	43.7033	-0.7161	-0.9621	38.3946	24	61
	0.00	0.00	13.23	-1.82	-12.80	5.99	5.84	4.448977	-75.199157	2.00	0.0000	0.0000	6.4215	7.5023	11.0693	43.5067	-0.6307	-1.0282	38.3575	25	61
	0.00	0.00	13.08	-1.78	-12.46	6.02	5.87	4.448977	-75.199157	2.00	0.0000	0.0000	6.4581	7.5266	11.4000	43.0142	-0.5849	-1.1278	38.2593	25	60
	0.00	0.00	13.11	-1.74	-11.92	6.02	5.93	4.448977	-75.199157	2.00	0.0000	0.0000	6.5129	7.5307	11.4035	42.5366	-0.5142	-1.0729	38.1421	24	61
	0.00	0.00	13.18	-1.65	-11.36	5.98	5.99	4.448977	-75.199157	2.00	0.0000	0.0000	6.5600	7.5067	11.1368	42.2641	-0.4666	-1.0870	38.0837	23	62
	0.00	0.00	13.22	-1.57	-10.74	5.94	6.03	4.448977	-75.199157	2.00	0.0000	0.0000	6.5862	7.4898	10.7826	42.3030	-0.4398	-1.0737	38.0612	23	62
	0.00	0.00	13.32	-1.23	-10.11	5.90	6.04	4.448977	-75.199157	2.00	0.0000	0.0000	6.5832	7.4769	10.6380	42.3821	-0.4337	-1.0880	38.0473	23	63
	0.00	0.00	13.14	-0.56	-9.96	5.85	6.04	4.448977	-75.199157	2.00	0.0000	0.0000	6.5683	7.4526	10.8385	42.7644	-0.4037	-1.1022	37.9937	22	64
	0.00	0.00	13.25	-0.17	-10.84	5.80	6.02	4.448977	-75.199157	2.00	0.0000	0.0000	6.5417	7.4168	10.9486	43.7907	-0.4374	-1.0288	37.9027	22	65
	0.00	0.00	13.16	-0.29	-11.98	5.74	6.00	4.448977	-75.199157	2.00	0.0000	0.0000	6.5258	7.3702	10.9930	44.9876	-0.4860	-1.0568	37.8291	23	66
	0.00	0.00	13.09	-0.54	-12.86	5.70	6.00	4.448977	-75.199157	2.00	0.0000	0.0000	6.5309	7.3469	11.0101	46.2218	-0.5024	-0.9386	37.8294	23	67
	0.00	0.00	13.14	-0.60	-13.77	5.68	6.03	4.448977	-75.199157	2.00	0.0000	0.0000	6.5564	7.3412	10.9762	47.3925	-0.5494	-0.9185	37.8412	22	68
	0.00	0.00	13.15	-0.50	-14.62	5.72	6.05	4.448977	-75.199157	2.00	0.0000	0.0000	6.5669	7.3838	10.7579	48.4271	-0.5197	-1.0402	37.8149	22	68
	0.00	0.00	13.23	-0.62	-15.26	5.80	6.06	4.448977	-75.199157	2.00	0.0000	0.0000	6.5708	7.4539	10.4845	48.8656	-0.5057	-0.9961	37.8181	22	67
	0.00	0.00	13.23	-0.61	-15.30	5.90	6.04	4.448977	-75.199157	2.00	0.0000	0.0000	6.5497	7.5393	10.3344	48.6268	-0.6416	-1.1880	37.8183	22	66
	0.00	0.00	13.16	-0.14	-14.81	5.98	6.02	4.448968	-75.199165	2.00	0.0000	0.0000	6.5254	7.6088	10.6515	47.8601	-0.7414	-1.1431	37.8266	22	65
	0.00	0.00	13.18	0.11	-14.53	6.03	6.02	4.448968	-75.199165	2.00	0.0000	0.0000	6.5205	7.6484	10.8598	47.2400	-0.7496	-1.1560	37.7382	22	65
	0.00	0.00	13.25	-0.02	-13.85	6.06	6.03	4.448968	-75.199165	2.00	0.0000	0.0000	6.5280	7.6759	10.7450	46.5408	-0.7683	-1.1643	37.6337	21	65
	0.00	0.00	13.04	0.08	-12.25	6.12	6.06	4.448968	-75.199165	2.00	0.0000	0.0000	6.5476	7.7406	10.6764	45.4831	-0.7392	-1.0437	37.5723	21	64
	0.00	0.00	13.01	0.29	-10.95	6.26	6.11	4.448968	-75.199165	2.00	0.0000	0.0000	6.5772	7.8609	10.4614	44.2704	-0.6579	-1.0876	37.5175	20	62
	0.00	0.00	12.97	0.16	-10.64	6.41	6.17	4.448968	-75.199165	2.00	0.0000	0.0000	6.6138	7.9587	9.8596	42.7351	-0.5809	-1.0568	37.4513	19	59
	0.00	0.00	13.11	0.07	-10.39	6.48	6.24	4.448968	-75.199165	2.00	0.0000	0.0000	6.6530	7.9765	9.1287	40.9287	-0.5478	-1.0017	37.3706	17	58
	0.00	0.00	13.22	0.52	-9.19	6.45	6.29	4.448968	-75.199165	2.00	0.0000	0.0000	6.6628	7.9277	8.4792	39.1356	-0.5767	-1.0217	37.3141	16	58
	0.00	0.00	13.14	0.88	-7.98	6.37	6.30	4.448968	-75.199165	2.00	0.0000	0.0000	6.6381	7.8518	7.8396	38.1057	-0.6292	-1.0883	37.2964	15	58
	0.00	0.00	13.15	0.64	-8.19	6.27	6.28	4.448968	-75.199165	2.00	0.0000	0.0000	6.6002	7.7513	7.1759	38.2121	-0.5924	-0.9800	37.2340	15	58
	0.00	0.00	13.25	0.09	-8.72	6.14	6.23	4.448968	-75.199165	2.00	0.0000	0.0000	6.5488	7.6284	6.6110	38.7130	-0.5394	-1.1216	37.1365	15	60
	0.00	0.00	13.22	-0.27	-8.21	5.98	6.18	4.448968	-75.199165	2.00	0.0000	0.0000	6.5020	7.5072	6.4329	39.1204	-0.5636	-0.9696	37.0562	15	62
	0.00	0.00	13.16	-0.26	-7.87	5.83	6.12	4.448968	-75.199165	2.00	0.0000	0.0000	6.4461	7.4086	6.4946	40.1106	-0.5924	-0.9750	37.0447	16	64
	0.00	0.00	13.09	-0.34	-9.16	5.71	6.08	4.448968	-75.199165	2.00	0.0000	0.0000	6.4115	7.3218	6.6713	42.0457	-0.5469	-1.0362	37.0663	16	65
	0.00	0.00	13.05	-0.61	-11.11	5.63	6.05	4.448968	-75.199165	2.00	0.0000	0.0000	6.3893	7.2598	6.6717	44.2315	-0.6368	-1.0506	37.0728	16	66
	0.00	0.00	13.16	-0.85	-11.86	5.59	6.01	4.448968	-75.199165	2.00	0.0000	0.0000	6.3608	7.2467	6.6815	45.6642	-0.6357	-1.0104	37.0680	17	68
	0.00	0.00	13.12	-1.08	-12.07	5.60	5.96	4.448958	-75.199157	2.00	0.0000	0.0000	6.3278	7.2833	6.8384	46.6671	-0.6919	-1.1793	37.0535	17	68
	0.00	0.00	13.12	-1.29	-12.62	5.65	5.91	4.448958	-75.199157	2.00	0.0000	0.0000	6.2990	7.3442	7.1535	47.4891	-0.7508	-1.1417	37.0677	18	68
	0.00	0.00	13.16	-1.40	-12.23	5.74	5.89	4.448958	-75.199157	2.00	0.0000	0.0000	6.2963	7.4423	7.5916	47.4878	-0.7315	-1.1599	37.0361	19	68
	0.00	0.00	13.14	-1.48	-11.45	5.91	5.89	4.448958	-75.199157	2.00	0.0000	0.0000	6.3083	7.6014	7.8538	46.9059	-0.7595	-0.9364	36.9589	19	66
	0.00	0.00	13.02	-1.56	-12.04	6.10	5.92	4.448958	-75.199157	2.00	0.0000	0.0000	6.3422	7.7400	7.9849	46.1655	-0.6316	-1.1792	36.9415	19	63
	0.00	0.00	13.29	-1.59	-12.87	6.29	5.98	4.448958	-75.199157	2.00	0.0000	0.0000	6.3944	7.8547	7.8813	45.0839	-0.5521	-1.0574	36.9867	18	60
	0.00	0.00	13.11	-1.42	-12.00	6.45	6.07	4.448958	-75.199157	2.00	0.0000	0.0000	6.4605	7.9535	7.5722	42.8641	-0.4724	-1.0982	36.8949	16	58
	0.00	0.00	13.20	-1.06	-10.46	6.54	6.15	4.448958	-75.199157	2.00	0.0000	0.0000	6.5061	8.0008	7.0005	40.3353	-0.4631	-1.2444	36.8344	15	56
	0.00	0.00	13.16	-0.85	-10.41	6.52	6.20	4.448958	-75.199157	2.00	0.0000	0.0000	6.5236	7.9411	6.3099	38.9083	-0.4866	-1.3020	36.7657	14	55
	0.00	0.00	13.16	-0.92	-11.02	6.38	6.21	4.448958	-75.199157	2.00	0.0000	0.0000	6.5120	7.7834	5.6205	38.5562	-0.4659	-1.4951	36.7914	14	56
	0.00	0.00	13.20	-1.11	-10.39	6.21	6.19	4.448958	-75.199157	2.00	0.0000	0.0000	6.4815	7.6368	5.1417	38.6233	-0.3250	-1.3018	36.6499	13	58
	0.00	0.00	13.14	-1.31	-9.44	6.06	6.16	4.448958	-75.199157	2.00	0.0000	0.0000	6.4478	7.5301	4.8914	39.0073	-0.2528	-1.5646	36.4666	13	60
	0.00	0.00	13.22	-1.44	-10.05	5.92	6.10	4.448958	-75.199157	2.00	0.0000	0.0000	6.3930	7.4216	4.7832	40.2493	-0.2468	-1.3408	36.4065	14	61
	0.00	0.00	13.15	-1.54	-11.50	5.81	6.04	4.448958	-75.199157	2.00	0.0000	0.0000	6.3443	7.3307	4.9997	42.0159	-0.3762	-1.3164	36.4519	15	62
	0.00	0.00	13.30	-1.60	-11.62	5.74	6.00	4.448958	-75.199157	2.00	0.0000	0.0000	6.3156	7.2932	5.3146	43.0693	-0.3065	-1.3184	36.4250	15	64
	0.00	0.00	12.98	-1.64	-11.06	5.70	5.99	4.448958	-75.199157	2.00	0.0000	0.0000	6.3120	7.2944	5.5568	43.6743	-0.3853	-1.3557	36.3995	15	65
	0.00	0.00	13.22	-1.69	-11.73	5.69	5.97	4.448958	-75.199157	2.00	0.0000	0.0000	6.2992	7.3050	5.6028	44.7684	-0.4333	-1.3242	36.3979	15	66
	0.00	0.00	13.19	-1.70	-12.76	5.70	5.93	4.448954	-75.199150	2.00	0.0000	0.0000	6.2718	7.3216	5.7924	45.8072	-0.5160	-1.3505	36.4016	16	66
	0.00	0.00	13.08	-1.66	-13.45	5.75	5.89	4.448954	-75.199150	2.00	0.0000	0.0000	6.2479	7.3704	6.2096	46.5228	-0.5514	-1.3609	36.4075	17	65
	0.00	0.00	13.11	-1.62	-14.89	5.84	5.87	4.448954	-75.199150	2.00	0.0000	0.0000	6.2430	7.4341	6.6783	47.2537	-0.5881	-1.4365	36.3524	17	64
	0.00	0.00	13.18	-1.58	-16.34	5.94	5.86	4.448954	-75.199150	2.00	0.0000	0.0000	6.2461	7.4936	7.0338	47.5458	-0.6203	-1.5691	36.2366	18	63
	0.00	0.00	13.15	-1.55	-16.23	6.05	5.88	4.448954	-75.199150	2.00	0.0000	0.0000	6.2730	7.5738	7.3377	46.8590	-0.5871	-1.3962	36.1607	18	61
	0.00	0.00	13.19	-1.57	-15.06	6.18	5.92	4.448954	-75.199150	2.00	0.0000	0.0000	6.3127	7.6798	7.3693	45.4553	-0.5545	-1.4221	36.1011	17	60
	0.00	0.00	12.95	-1.64	-14.07	6.29	5.99	4.448954	-75.199150	2.00	0.0000	0.0000	6.3723	7.7600	7.1821	43.8190	-0.3971	-1.3627	35.9816	17	58
	0.00	0.00	13.16	-1.71	-13.50	6.35	6.06	4.448954	-75.199150	2.00	0.0000	0.0000	6.4244	7.7878	6.6735	42.3601	-0.3631	-1.2906	35.9571	16	57
	0.00	0.00	13.14	-1.75	-12.76	6.35	6.11	4.448954	-75.199150	2.00	0.0000	0.0000	6.4546	7.7684	6.0831	41.0624	-0.3575	-1.1919	35.9250	15	57
	0.00	0.00	13.01	-1.75	-11.59	6.28	6.12	4.448954	-75.199150	2.00	0.0000	0.0000	6.4500	7.7046	5.5769	39.9746	-0.3777	-1.1228	35.9165	15	57
	0.00	0.00	13.20	-1.75	-10.74	6.19	6.09	4.448954	-75.199150	2.00	0.0000	0.0000	6.4158	7.6325	5.3361	39.6519	-0.3374	-1.1162	35.8712	15	58
	0.00	0.00	13.08	-1.74	-10.48	6.08	6.04	4.448954	-75.199150	2.00	0.0000	0.0000	6.3710	7.5448	5.4201	39.8621	-0.2205	-1.1073	35.8341	15	59
	0.00	0.00	13.18	-1.63	-10.18	5.93	5.99	4.448954	-75.199150	2.00	0.0000	0.0000	6.3305	7.4344	5.7589	40.3526	-0.2093	-1.2500	35.7645	16	62
	0.00	0.00	13.14	-1.49	-9.91	5.80	5.93	4.448954	-75.199150	2.00	0.0000	0.0000	6.2855	7.3534	6.1810	41.3862	-0.1880	-1.0528	35.7271	17	64
	0.00	0.00	13.29	-1.45	-10.36	5.70	5.88	4.448954	-75.199150	2.00	0.0000	0.0000	6.2550	7.2949	6.7245	42.8139	-0.2250	-1.1255	35.7408	18	65
	0.00	0.00	13.15	-1.53	-11.43	5.63	5.86	4.448954	-75.199150	2.00	0.0000	0.0000	6.2534	7.2547	7.2135	44.4773	-0.2336	-1.1916	35.7765	18	66
	0.00	0.00	13.12	-1.54	-12.64	5.59	5.85	4.448954	-75.199150	2.00	0.0000	0.0000	6.2585	7.2371	7.5598	46.1008	-0.2261	-1.2457	35.7752	19	67
	0.00	0.00	12.91	-1.43	-13.86	5.60	5.84	4.448949	-75.199150	2.00	0.0000	0.0000	6.2616	7.2585	7.9226	47.5862	-0.3775	-1.4544	35.7169	19	68
	0.00	0.00	13.00	-1.33	-15.33	5.68	5.82	4.448949	-75.199150	2.00	0.0000	0.0000	6.2571	7.3270	8.2981	48.8252	-0.3575	-1.4488	35.6970	20	67
	0.00	0.00	13.14	-1.33	-16.69	5.81	5.82	4.448949	-75.199150	2.00	0.0000	0.0000	6.2719	7.4245	8.7296	49.3849	-0.3947	-1.4107	35.6826	20	65
	0.00	0.00	13.15	-1.30	-16.91	5.91	5.83	4.448949	-75.199150	2.00	0.0000	0.0000	6.2932	7.5004	9.0267	48.8525	-0.3833	-1.4666	35.6420	21	64
	0.00	0.00	13.05	-1.17	-16.03	5.98	5.86	4.448949	-75.199150	2.00	0.0000	0.0000	6.3272	7.5650	9.2931	47.9025	-0.4626	-1.3486	35.5301	20	64
	0.00	0.00	13.16	-1.10	-14.92	6.06	5.90	4.448949	-75.199150	2.00	0.0000	0.0000	6.3660	7.6414	9.3360	46.9581	-0.4254	-1.3737	35.4996	20	63
	0.00	0.00	13.04	-1.15	-14.15	6.17	5.96	4.448949	-75.199150	2.00	0.0000	0.0000	6.4183	7.7317	9.1942	45.9634	-0.3924	-1.3108	35.4062	20	62
	0.00	0.00	13.01	-1.07	-13.45	6.28	6.03	4.448949	-75.199150	2.00	0.0000	0.0000	6.4711	7.8101	8.8806	44.5989	-0.3539	-1.3140	35.3933	19	60
	0.00	0.00	13.05	-0.78	-12.25	6.32	6.11	4.448949	-75.199150	2.00	0.0000	0.0000	6.5223	7.8312	8.4887	42.8290	-0.2764	-1.1935	35.2880	17	60
	0.00	0.00	13.15	-0.64	-11.19	6.26	6.15	4.448949	-75.199150	2.00	0.0000	0.0000	6.5364	7.7742	7.8200	41.5957	-0.3867	-1.0805	35.2622	17	60
	0.00	0.00	13.11	-0.54	-10.67	6.12	6.17	4.448949	-75.199150	2.00	0.0000	0.0000	6.5350	7.6582	7.3712	41.4134	-0.5318	-0.9358	35.1475	16	62
	0.00	0.00	13.12	-0.09	-9.89	5.95	6.14	4.448949	-75.199150	2.00	0.0000	0.0000	6.4897	7.5378	7.1875	41.8448	-0.4498	-0.9651	35.0181	16	65
	0.00	0.00	13.04	0.27	-9.55	5.82	6.10	4.448949	-75.199150	2.00	0.0000	0.0000	6.4426	7.4594	7.3526	42.9545	-0.4044	-0.9654	34.9518	16	66
	0.00	0.00	13.11	0.07	-10.81	5.79	6.05	4.448949	-75.199150	2.00	0.0000	0.0000	6.4000	7.4439	7.3572	44.7338	-0.4105	-0.8405	34.9631	17	66
	0.00	0.00	13.36	-0.24	-12.53	5.84	6.00	4.448949	-75.199150	2.00	0.0000	0.0000	6.3652	7.4758	7.4775	46.0242	-0.4512	-0.8838	34.9951	17	65
	0.00	0.00	13.22	-0.11	-13.18	5.88	5.95	4.448949	-75.199150	2.00	0.0000	0.0000	6.3288	7.5023	7.8916	46.1700	-0.6546	-1.2792	35.0887	18	65
	0.00	0.00	13.00	0.11	-13.25	5.86	5.93	4.448943	-75.199150	2.00	0.0000	0.0000	6.3176	7.4887	8.4150	46.1228	-0.7557	-1.3002	35.1637	18	66
	0.00	0.00	13.14	-0.05	-14.03	5.82	5.93	4.448943	-75.199150	2.00	0.0000	0.0000	6.3265	7.4566	8.5625	46.9037	-0.7068	-1.3355	35.1506	18	67
	0.00	0.00	13.23	-0.18	-14.89	5.79	5.93	4.448943	-75.199150	2.00	0.0000	0.0000	6.3344	7.4348	8.6093	47.8744	-0.6643	-1.5117	35.1287	19	67
	0.00	0.00	13.11	0.16	-14.55	5.80	5.92	4.448943	-75.199150	2.00	0.0000	0.0000	6.3276	7.4630	8.8956	48.2199	-0.7764	-1.4328	35.1869	19	68
	0.00	0.00	13.11	0.51	-13.95	5.88	5.92	4.448943	-75.199150	2.00	0.0000	0.0000	6.3285	7.5500	9.2591	48.1727	-0.6589	-1.5272	35.2039	19	67
	0.00	0.00	13.12	0.40	-14.32	5.98	5.92	4.448943	-75.199150	2.00	0.0000	0.0000	6.3350	7.6293	9.3191	47.9863	-0.7097	-1.3169	35.1920	19	66
	0.00	0.00	13.04	0.28	-14.52	6.07	5.94	4.448943	-75.199150	2.00	0.0000	0.0000	6.3587	7.6909	9.3950	47.4131	-0.6512	-1.4092	35.1634	19	64
	0.00	0.00	13.33	0.61	-13.16	6.15	5.99	4.448943	-75.199150	2.00	0.0000	0.0000	6.3971	7.7599	9.5097	46.0185	-0.5826	-1.4229	35.0580	18	64
	0.00	0.00	12.98	0.93	-11.28	6.25	6.08	4.448943	-75.199150	2.00	0.0000	0.0000	6.4600	7.8511	9.3128	44.3560	-0.4878	-1.4055	35.0089	17	62
	0.00	0.00	13.04	0.78	-9.96	6.34	6.19	4.448943	-75.199150	2.00	0.0000	0.0000	6.5353	7.9202	8.4633	42.6666	-0.3690	-1.3104	34.9288	15	61
	0.00	0.00	13.02	0.60	-8.31	6.41	6.28	4.448943	-75.199150	2.00	0.0000	0.0000	6.5863	7.9706	7.3127	40.7338	-0.2911	-1.4020	34.8435	13	60
	0.00	0.00	13.18	0.61	-7.06	6.41	6.30	4.448943	-75.199150	2.00	0.0000	0.0000	6.5738	7.9568	6.2681	39.0396	-0.3573	-1.4076	34.8230	13	59
	0.00	0.00	12.97	0.32	-8.04	6.35	6.28	4.448943	-75.199150	2.00	0.0000	0.0000	6.5367	7.8681	5.5384	38.9294	-0.3489	-1.4243	34.7603	12	59
	0.00	0.00	13.29	-0.24	-9.70	6.25	6.24	4.448943	-75.199150	2.00	0.0000	0.0000	6.4934	7.7410	4.9729	39.5770	-0.3284	-1.4631	34.6475	12	59
	0.00	0.00	13.25	-0.78	-9.41	6.12	6.20	4.448943	-75.199150	2.00	0.0000	0.0000	6.4557	7.6256	4.6163	39.6766	-0.2843	-1.4080	34.5210	13	60
	0.00	0.00	13.20	-1.21	-8.28	5.98	6.16	4.448943	-75.199150	2.00	0.0000	0.0000	6.4201	7.5316	4.3671	39.8430	-0.3202	-1.3923	34.5211	13	63
	0.00	0.00	13.01	-1.50	-8.77	5.84	6.11	4.448943	-75.199150	2.00	0.0000	0.0000	6.3774	7.4299	4.2496	41.1124	-0.3967	-1.4807	34.5205	13	64
	0.00	0.00	13.26	-1.62	-10.30	5.72	6.08	4.448937	-75.199142	2.00	0.0000	0.0000	6.3520	7.3361	4.3647	43.0573	-0.4080	-1.4341	34.5263	13	66
	0.00	0.00	13.26	-1.57	-10.82	5.66	6.05	4.448937	-75.199142	2.00	0.0000	0.0000	6.3248	7.3081	4.4549	44.5232	-0.5480	-1.4682	34.4912	13	67
	0.00	0.00	13.14	-1.40	-10.82	5.66	6.02	4.448937	-75.199142	2.00	0.0000	0.0000	6.2974	7.3373	4.6599	45.4393	-0.5176	-1.4592	34.4854	14	68
	0.00	0.00	12.95	-1.27	-12.14	5.73	5.99	4.448937	-75.199142	2.00	0.0000	0.0000	6.2723	7.4004	4.8899	46.6096	-0.6365	-1.4471	34.5014	14	67
	0.00	0.00	13.11	-1.22	-13.93	5.84	5.97	4.448937	-75.199142	2.00	0.0000	0.0000	6.2585	7.4742	5.1309	47.3689	-0.6365	-1.4257	34.4678	14	65
	0.00	0.00	13.20	-0.99	-14.07	5.95	5.96	4.448937	-75.199142	2.00	0.0000	0.0000	6.2512	7.5574	5.4218	46.8732	-0.6231	-1.3338	34.4104	14	64
	0.00	0.00	13.04	-0.52	-12.99	6.06	5.98	4.448937	-75.199142	2.00	0.0000	0.0000	6.2637	7.6530	5.7716	45.6772	-0.5332	-1.3484	34.3821	14	63
	0.00	0.00	13.08	-0.32	-12.18	6.18	6.01	4.448937	-75.199142	2.00	0.0000	0.0000	6.2834	7.7485	5.7343	44.4681	-0.5062	-1.4026	34.3251	13	61
	0.00	0.00	13.22	-0.50	-11.34	6.29	6.08	4.448937	-75.199142	2.00	0.0000	0.0000	6.3374	7.8269	5.4133	42.9628	-0.4054	-1.3436	34.3022	12	60
	0.00	0.00	13.23	-0.85	-10.08	6.36	6.15	4.448937	-75.199142	2.00	0.0000	0.0000	6.3870	7.8720	4.6188	41.1549	-0.3703	-1.3048	34.2853	11	59
	0.00	0.00	13.14	-1.21	-9.58	6.40	6.18	4.448937	-75.199142	2.00	0.0000	0.0000	6.3999	7.8812	3.7350	39.9077	-0.3173	-1.3633	34.2150	11	57
	0.00	0.00	13.26	-1.48	-10.26	6.37	6.18	4.448937	-75.199142	2.00	0.0000	0.0000	6.3883	7.8160	3.1386	39.3475	-0.3505	-1.2971	34.2162	10	57
	0.00	0.00	13.11	-1.61	-10.77	6.27	6.15	4.448937	-75.199142	2.00	0.0000	0.0000	6.3532	7.7016	2.8054	39.2148	-0.1478	-1.3028	34.1358	10	57
	0.00	0.00	13.04	-1.63	-10.63	6.11	6.11	4.448937	-75.199142	2.00	0.0000	0.0000	6.3130	7.5618	2.7747	39.4110	-0.1931	-1.3626	34.1022	11	59
	0.00	0.00	13.26	-1.63	-10.37	5.94	6.05	4.448937	-75.199142	2.00	0.0000	0.0000	6.2604	7.4346	2.8736	40.2318	-0.1300	-1.4063	34.0134	11	61
	0.00	0.00	13.27	-1.62	-10.05	5.80	6.00	4.448937	-75.199142	2.00	0.0000	0.0000	6.2215	7.3472	3.2159	41.3414	-0.2022	-1.4003	33.9887	12	63
	0.00	0.00	13.19	-1.62	-9.67	5.72	5.96	4.448933	-75.199142	2.00	0.0000	0.0000	6.1940	7.3173	3.5496	42.4257	-0.1897	-1.5791	34.0270	12	65
	0.00	0.00	12.91	-1.63	-9.55	5.67	5.92	4.448933	-75.199142	2.0	0.0000	0.0000	6.1690	7.3096	3.8777	43.3478	-0.1845	-1.6018	34.0740	13	66
	0.00	0.00	13.01	-1.62	-10.50	5.62	5.89	4.448933	-75.199142	2.00	0.0000	0.0000	6.1545	7.2870	4.2860	44.6824	-0.2047	-1.6698	34.0187	14	68
	0.00	0.00	13.01	-1.58	-12.52	5.58	5.86	4.448933	-75.199142	2.00	0.0000	0.0000	6.1412	7.2573	4.6838	46.6032	-0.3237	-1.5815	33.9572	14	68
	0.00	0.00	13.04	-1.55	-14.05	5.61	5.84	4.448933	-75.199142	2.00	0.0000	0.0000	6.1379	7.2883	5.1301	48.2379	-0.4275	-1.4885	33.9578	15	68
	0.00	0.00	13.08	-1.55	-14.68	5.71	5.84	4.448933	-75.199142	2.0	0.0000	0.0000	6.1517	7.3811	5.5201	48.8924	-0.3867	-1.4710	33.9021	15	67
	0.00	0.00	13.18	-1.54	-15.26	5.86	5.86	4.448933	-75.199142	2.00	0.0000	0.0000	6.1798	7.5036	5.7746	48.9142	-0.3468	-1.4184	33.8796	15	66
	0.00	0.00	13.01	-1.51	-15.59	6.01	5.89	4.448933	-75.199142	2.00	0.0000	0.0000	6.2124	7.6147	5.8705	48.2397	-0.4344	-1.2730	33.8298	15	64
	0.00	0.00	13.27	-1.48	-15.02	6.14	5.94	4.448933	-75.199142	2.00	0.0000	0.0000	6.2575	7.7114	5.8534	46.9146	-0.3977	-1.3099	33.8240	15	62
	0.00	0.00	13.04	-1.43	-13.43	6.26	6.02	4.448933	-75.199142	2.00	0.0000	0.0000	6.3207	7.8085	5.6219	45.0509	-0.4633	-1.2401	33.7325	14	61
	0.00	0.00	13.22	-1.34	-11.70	6.37	6.11	4.448933	-75.199142	2.00	0.0000	0.0000	6.3829	7.8950	5.0703	43.0164	-0.3983	-1.1675	33.6902	12	59
	0.00	0.00	13.26	-1.27	-10.76	6.46	6.18	4.448933	-75.199142	2.00	0.0000	0.0000	6.4216	7.9480	4.3054	41.2607	-0.3765	-1.2047	33.5833	11	57
	0.00	0.00	13.27	-1.05	-9.87	6.46	6.21	4.448933	-75.199142	2.00	0.0000	0.0000	6.4224	7.9220	3.6538	39.5011	-0.3458	-1.2533	33.5682	10	57
