	0.00	0.00	13.48	-2.26	-1.77	-0.00	-0.01	4.449075	-75.199226	2.00	0.0000	0.0000	0.0791	-0.0693	-1.6178	1.2682	6.6797	-10.3647	75.3156	1	0
	0.00	0.00	13.51	-2.36	-1.77	-0.00	-0.01	4.449075	-75.199226	2.00	0.0000	0.0000	0.0505	-0.0432	-1.0258	0.8310	6.6727	-10.3597	75.3270	32	30
	0.00	0.00	13.32	-1.23	-2.69	-0.00	-0.47	4.449075	-75.199226	2.00	0.0000	0.0000	0.1502	0.4427	13.7823	15.4667	6.6666	-10.3559	75.3259	61	50
	0.00	0.00	13.01	3.45	-6.10	-0.00	-0.27	4.449075	-75.199226	2.00	0.0000	0.0000	0.8814	0.9741	33.2162	30.1565	6.6236	-10.1951	75.4328	75	71
	0.00	0.00	12.97	12.07	-12.51	-0.11	0.10	4.449075	-75.199226	2.00	0.0000	0.0000	1.6517	1.3883	49.0616	46.2736	6.6771	-9.7414	75.1858	89	92
	0.00	0.00	12.57	22.42	-21.96	0.06	0.60	4.449075	-75.199226	2.00	0.0000	0.0000	2.4455	1.9899	64.1702	64.7436	6.7277	-9.6898	74.9809	99	100
	0.00	0.00	12.41	32.39	-33.48	0.59	1.23	4.449075	-75.199226	2.00	0.0000	0.0000	3.2908	2.6980	77.3422	78.5370	6.6335	-9.4482	75.2100	100	100
	0.00	0.00	12.58	40.14	-43.72	1.53	2.04	4.449075	-75.199226	2.00	0.0000	0.0000	4.1538	3.5965	84.6862	86.9579	6.5923	-9.4745	75.2380	100	100
	0.00	0.00	12.68	43.97	-49.55	2.75	3.03	4.449075	-75.199226	2.00	0.0000	0.0000	5.1382	4.7537	88.2071	91.7225	6.6081	-9.4706	75.0607	100	100
	0.00	0.00	12.90	43.62	-50.33	4.07	4.16	4.449075	-75.199226	2.00	0.0000	0.0000	6.2718	6.0702	88.6220	92.9611	6.6520	-9.4545	74.9297	100	100
	0.00	0.00	12.73	40.23	-47.37	5.31	5.30	4.449075	-75.199226	2.00	0.0000	0.0000	7.4500	7.3672	86.6796	91.3900	6.6777	-9.5970	74.7929	100	100
	0.00	0.00	12.95	35.27	-42.47	6.38	6.35	4.449075	-75.199226	2.00	0.0000	0.0000	8.5608	8.5210	83.3354	88.1384	6.7418	-9.8218	74.4778	98	100
	0.00	0.00	12.77	29.88	-36.94	7.27	7.28	4.449071	-75.199234	2.00	0.0000	0.0000	9.5299	9.4935	78.7516	84.1842	6.8383	-9.6847	74.2643	90	92
	0.00	0.00	13.09	24.25	-31.08	8.00	8.05	4.449071	-75.199234	2.00	0.0000	0.0000	10.2339	10./(.(	70.8525	76.5034	6.9109	-9.9973	74.0678	84	87
	0.00	0.00	13.14	18.45	-25.05	8.58	8.68	4.449071	-75.199234	2.00	0.0000	0.0000	10.7682	10.*'0,	62.9492	68.8439	6.9193	-9.5324	73.9614	78	81
	0.00	0.00	13.07	13.50	-19.37	8.99	9.16	4.449071	-75.199234	2.00	0.0000	0.0000	11.1331	11.0.-/	55.3699	61.4238	6.8764	-9.6922	73.8145	72	77
	0.00	0.00	13.29	9.70	-14.32	9.29	9.46	4.449071	-75.199234	2.00	0.0000	0.0000	11.3124	11..,0+	48.5746	54.7999	6.8183	-9.8508	73.7304	66	72
	0.00	0.00	13.26	6.71	-10.41	9.48	9.61	4.449071	-75.199234	2.00	0.0000	0.0000	11.3492	11.--')	42.8922	48.9420	6.8599	-9.9572	73.4707	62	68
	0.00	0.00	13.30	4.25	-7.70	9.57	9.65	4.449071	-75.199234	2.00	0.0000	0.0000	11.2896	11.--,/	38.2041	44.0782	6.8957	-10.0377	73.2223	59	64
	0.00	0.00	13.16	2.04	-5.43	9.62	9.64	4.449071	-75.199234	2.00	0.0000	0.0000	11.1915	11..()'	34.2840	39.9190	6.8447	-9.8662	73.0357	55	60
	0.00	0.00	13.29	0.52	-3.90	9.65	9.61	4.449071	-75.199234	2.00	0.0000	0.0000	11.0726	11../-'	31.0199	36.2697	6.9194	-9.7890	72.8363	52	56
	0.00	0.00	13.23	0.26	-3.78	9.63	9.55	4.449071	-75.199234	2.00	0.0000	0.0000	10.9146	11.0)))	28.5236	33.3694	7.0551	-9.8085	72.6439	49	52
	0.00	0.00	13.22	0.59	-4.27	9.56	9.44	4.449071	-75.199234	2.00	0.0000	0.0000	10.7117	10.(',.	26.5864	31.1136	7.1211	-9.8604	72.4077	46	49
	0.00	0.00	13.23	0.43	-4.22	9.45	9.27	4.449071	-75.199234	2.00	0.0000	0.0000	10.4780	10.*'-,	24.9242	29.0300	7.2352	-9.6705	72.1698	45	46
	0.00	0.00	13.33	0.23	-4.13	9.31	9.02	4.449071	-75.199234	2.00	0.0000	0.0000	10.2001	10.,(./	23.9533	27.3934	7.3702	-9.9205	71.8590	46	44
	0.00	0.00	13.23	0.76	-4.92	9.14	8.80	4.449071	-75.199234	2.00	0.0000	0.0000	9.9609	10..,(-	24.2985	26.6164	7.3659	-9.6119	71.6834	46	43
	0.00	0.00	13.25	1.34	-5.81	9.01	8.75	4.449071	-75.199234	2.00	0.0000	0.0000	9.8690	10.0+)+	24.7293	26.3370	7.3272	-9.5622	71.6362	43	41
	0.00	0.00	13.22	1.12	-5.69	8.93	8.83	4.449071	-75.199234	2.00	0.0000	0.0000	9.8831	9.9275	23.6207	25.4619	7.2786	-9.7295	71.4457	39	40
	0.00	0.00	13.05	0.62	-5.13	8.86	8.91	4.449071	-75.199234	2.00	0.0000	0.0000	9.8867	9.8167	21.4194	24.1946	7.3025	-9.8546	71.1789	36	38
	0.00	0.00	13.32	0.47	-4.84	8.80	8.94	4.449058	-75.199226	2.00	0.0000	0.0000	9.8391	9.7157	19.3381	23.1395	7.3741	-9.7156	71.0177	34	37
	0.00	0.00	13.20	0.23	-4.34	8.77	8.90	4.449058	-75.199226	2.00	0.0000	0.0000	9.7372	9.6446	17.5153	21.9979	7.3160	-9.9597	70.8931	32	35
	0.00	0.00	13.30	-0.11	-3.46	8.77	8.82	4.449058	-75.199226	2.00	0.0000	0.0000	9.6135	9.6032	16.1979	20.5114	7.2996	-9.6884	70.7183	31	33
	0.00	0.00	13.27	0.09	-2.64	8.78	8.74	4.449058	-75.199226	2.00	0.0000	0.0000	9.4920	9.5676	15.5328	18.8639	7.3991	-9.6197	70.5180	30	31
	0.00	0.00	13.37	0.69	-2.13	8.73	8.69	4.449058	-75.199226	2.00	0.0000	0.0000	9.3938	9.4786	15.1537	17.2957	7.5369	-9.4677	70.3495	28	30
	0.00	0.00	13.27	0.79	-1.88	8.61	8.64	4.449058	-75.199226	2.00	0.0000	0.0000	9.3033	9.3372	14.3811	16.3736	7.6418	-9.5946	70.0717	27	30
	0.00	0.00	13.27	0.27	-1.80	8.43	8.57	4.449058	-75.199226	2.00	0.0000	0.0000	9.2103	9.1595	13.4225	16.2025	7.6795	-9.5067	69.8897	27	32
	0.00	0.00	13.20	-0.38	-1.74	8.15	8.47	4.449058	-75.199226	2.00	0.0000	0.0000	9.1041	8.9206	12.6804	16.7359	7.7691	-9.5514	69.7474	27	35
	0.00	0.00	13.26	-0.90	-1.87	7.79	8.36	4.449058	-75.199226	2.00	0.0000	0.0000	8.9986	8.6443	12.3759	18.5223	7.8333	-9.4206	69.5982	27	40
	0.00	0.00	13.22	-1.29	-2.25	7.46	8.27	4.449058	-75.199226	2.00	0.0000	0.0000	8.9162	8.4214	12.3652	21.5395	7.8003	-9.3196	69.4198	28	45
	0.00	0.00	13.22	-1.54	-2.62	7.31	8.19	4.449058	-75.199226	2.00	0.0000	0.0000	8.8451	8.3642	12.4148	24.8105	7.7053	-9.2696	69.3307	28	47
	0.00	0.00	13.16	-1.64	-3.24	7.35	8.06	4.449058	-75.199226	2.00	0.0000	0.0000	8.7372	8.4530	12.6062	27.1449	7.7444	-9.4743	69.1893	30	47
	0.00	0.00	13.27	-1.62	-4.06	7.45	7.91	4.449058	-75.199226	2.00	0.0000	0.0000	8.6242	8.5679	13.4355	28.2156	7.7660	-9.3177	69.0319	32	47
	0.00	0.00	13.30	-1.64	-4.43	7.51	7.76	4.449058	-75.199226	2.00	0.0000	0.0000	8.5246	8.6427	14.6031	28.5638	7.7855	-9.4047	68.8108	34	48
	0.00	0.00	13.11	-1.62	-4.57	7.61	7.61	4.449058	-75.199226	2.00	0.0000	0.0000	8.4362	8.7500	16.0273	29.0349	7.7546	-9.3715	68.7736	37	48
	0.00	0.00	13.29	-1.49	-4.88	7.85	7.49	4.449058	-75.199226	2.00	0.0000	0.0000	8.3812	8.9564	17.7480	29.1072	7.7520	-9.2993	68.6619	39	45
	0.00	0.00	13.26	-1.43	-5.21	7.97	7.42	4.449044	-75.199226	2.00	0.0000	0.0000	8.3735	9.0399	19.4045	27.8000	7.8220	-9.3611	68.4577	42	44
	0.00	0.00	13.22	-1.35	-5.23	7.86	7.39	4.449044	-75.199226	2.00	0.0000	0.0000	8.3990	8.9429	20.8377	27.1145	7.9195	-9.2510	68.3000	43	47
	0.00	0.00	13.19	-0.60	-4.89	7.65	7.40	4.449044	-75.199226	2.00	0.0000	0.0000	8.4455	8.7973	22.3816	28.0527	8.0131	-9.2415	68.1303	44	50
	0.00	0.00	13.36	0.76	-4.86	7.43	7.42	4.449044	-75.199226	2.00	0.0000	0.0000	8.4853	8.6661	23.9145	30.0995	8.1072	-9.2070	67.9604	45	54
	0.00	0.00	13.05	1.58	-5.18	7.25	7.42	4.449044	-75.199226	2.0	0.0000	0.0000	8.5122	8.5801	25.0811	32.6870	8.1549	-9.3499	67.7562	47	58
	0.00	0.00	13.22	1.92	-5.63	7.10	7.39	4.449044	-75.199226	2.00	0.0000	0.0000	8.5243	8.5264	26.1845	35.3248	8.1484	-9.2216	67.6082	49	62
	0.00	0.00	13.25	2.98	-6.92	7.00	7.36	4.449044	-75.199226	2.00	0.0000	0.0000	8.5322	8.5086	27.9122	38.4182	8.1564	-9.2371	67.5285	50	65
	0.00	0.00	13.30	4.17	-8.76	6.98	7.36	4.449044	-75.199226	2.00	0.0000	0.0000	8.5629	8.5477	29.7082	41.5628	8.1280	-9.0833	67.4356	51	67
	0.00	0.00	13.26	4.08	-9.70	7.02	7.40	4.449044	-75.199226	2.00	0.0000	0.0000	8.6407	8.6404	30.6535	43.7224	8.0909	-9.0752	67.2596	52	69
	0.00	0.00	13.25	3.35	-10.15	7.06	7.45	4.449044	-75.199226	2.00	0.0000	0.0000	8.7329	8.7341	30.9878	45.2150	8.1022	-9.1679	67.1774	54	71
	0.00	0.00	13.14	3.47	-11.34	7.11	7.49	4.449044	-75.199226	2.00	0.0000	0.0000	8.8027	8.8230	31.6248	47.0506	8.0739	-9.0304	67.0405	54	72
	0.00	0.00	13.22	4.20	-12.64	7.16	7.56	4.449044	-75.199226	2.00	0.0000	0.0000	8.8831	8.9040	32.5408	48.7565	8.0320	-9.0807	66.9506	54	73
	0.00	0.00	13.14	4.12	-12.76	7.22	7.66	4.449044	-75.199226	2.00	0.0000	0.0000	8.9892	9.0049	32.6998	49.8057	7.9463	-9.0068	66.8362	54	75
	0.00	0.00	13.11	3.48	-12.24	7.35	7.79	4.449044	-75.199226	2.00	0.0000	0.0000	9.1190	9.1681	32.2473	50.4057	7.9914	-8.8920	66.7805	53	75
	0.00	0.00	13.27	3.42	-12.27	7.51	7.93	4.449044	-75.199226	2.00	0.0000	0.0000	9.2382	9.3352	31.6800	50.5740	7.9689	-8.8558	66.6162	52	74
	0.00	0.00	13.20	3.42	-12.35	7.64	8.01	4.449044	-75.199226	2.00	0.0000	0.0000	9.2962	9.4618	30.8389	50.3078	8.1042	-8.7436	66.4328	51	74
	0.00	0.00	13.27	2.94	-12.22	7.71	8.01	4.449044	-75.199226	2.00	0.0000	0.0000	9.2950	9.5352	30.0790	49.9637	8.2344	-8.8533	66.2425	52	74
	0.00	0.00	13.05	2.73	-12.78	7.73	7.94	4.449032	-75.199218	2.00	0.0000	0.0000	9.2419	9.5588	30.0213	50.2741	8.2463	-8.8967	66.1111	53	74
	0.00	0.00	13.33	2.97	-13.56	7.72	7.85	4.449032	-75.199218	2.00	0.0000	0.0000	9.1772	9.5562	30.7564	50.9690	8.1686	-9.3644	65.9561	55	75
	0.00	0.00	13.19	3.04	-13.41	7.71	7.76	4.449032	-75.199218	2.00	0.0000	0.0000	9.1227	9.5693	31.6488	51.4108	8.0991	-8.8392	65.9157	56	76
	0.00	0.00	13.07	3.07	-12.93	7.69	7.75	4.449032	-75.199218	2.00	0.0000	0.0000	9.1394	9.5829	32.6623	51.7241	8.0519	-9.0036	65.7114	57	77
	0.00	0.00	13.22	3.70	-13.16	7.67	7.81	4.449032	-75.199218	2.00	0.0000	0.0000	9.1986	9.5902	33.3995	52.5008	8.0429	-8.7445	65.6123	56	78
	0.00	0.00	13.26	4.77	-13.69	7.67	7.92	4.449032	-75.199218	2.00	0.0000	0.0000	9.2794	9.6089	33.7668	53.4252	8.0885	-8.6282	65.5423	54	79
	0.00	0.00	13.14	5.25	-13.76	7.73	8.02	4.449032	-75.199218	2.00	0.0000	0.0000	9.3465	9.6790	33.3246	53.9669	7.8968	-8.5600	65.4278	53	79
	0.00	0.00	13.16	4.65	-13.73	7.85	8.09	4.449032	-75.199218	2.00	0.0000	0.0000	9.3986	9.7903	32.3118	53.9479	7.8744	-8.5692	65.3960	52	78
	0.00	0.00	13.14	3.48	-14.38	7.99	8.13	4.449032	-75.199218	2.00	0.0000	0.0000	9.4351	9.8944	31.1527	53.6635	7.8533	-8.1913	65.3059	52	76
	0.00	0.00	13.16	2.48	-15.09	8.13	8.16	4.449032	-75.199218	2.0	0.0000	0.0000	9.4629	9.9830	30.2304	53.0431	7.9807	-8.3321	65.1872	52	74
	0.00	0.00	13.19	1.99	-14.75	8.26	8.21	4.449032	-75.199218	2.0	0.0000	0.0000	9.4980	10.0*)0	29.5574	51.6888	8.1978	-8.1910	64.9735	51	72
	0.00	0.00	13.09	1.68	-13.43	8.34	8.25	4.449032	-75.199218	2.00	0.0000	0.0000	9.5163	10.//'0	28.7242	49.7522	8.2263	-8.3175	64.8937	50	70
	0.00	0.00	13.15	1.38	-11.79	8.32	8.27	4.449032	-75.199218	2.00	0.0000	0.0000	9.5154	10.0')-	27.9124	47.9228	8.1672	-8.3763	64.7691	49	71
	0.00	0.00	13.25	1.59	-10.53	8.19	8.26	4.449032	-75.199218	2.00	0.0000	0.0000	9.4832	9.9935	27.4597	47.0283	8.2488	-8.4319	64.5389	48	73
	0.00	0.00	13.25	1.92	-9.64	8.03	8.19	4.449032	-75.199218	2.00	0.0000	0.0000	9.4035	9.8785	27.2764	47.2628	8.5404	-8.3786	64.2957	49	75
	0.00	0.00	13.01	1.49	-8.73	7.92	8.06	4.449032	-75.199218	2.00	0.0000	0.0000	9.2962	9.8177	27.2568	47.8935	8.5607	-8.3065	64.1022	51	76
	0.00	0.00	13.25	0.95	-8.28	7.89	7.91	4.449032	-75.199218	2.00	0.0000	0.0000	9.1912	9.8191	27.8273	48.5483	8.3460	-8.2186	64.0579	53	77
	0.00	0.00	13.14	1.27	-8.69	7.93	7.82	4.449020	-75.199218	2.00	0.0000	0.0000	9.1357	9.8589	29.1762	49.1002	8.2397	-8.1335	63.9988	54	76
	0.00	0.00	12.95	1.72	-9.26	7.97	7.82	4.449020	-75.199218	2.00	0.0000	0.0000	9.1505	9.8851	30.2534	49.1708	8.2801	-8.2068	63.8887	54	76
	0.00	0.00	13.14	1.41	-9.40	8.00	7.92	4.449020	-75.199218	2.00	0.0000	0.0000	9.2476	9.9044	30.3283	49.0009	8.2267	-8.2560	63.4731	52	75
	0.00	0.00	13.12	0.94	-9.45	8.04	8.07	4.449020	-75.199218	2.00	0.0000	0.0000	9.3731	9.9320	29.5042	48.8227	8.1505	-8.3128	63.4064	50	75
	0.00	0.00	13.15	1.22	-9.82	8.12	8.20	4.449020	-75.199218	2.00	0.0000	0.0000	9.4570	9.9835	28.4971	48.6571	8.1476	-8.1456	63.4271	48	73
	0.00	0.00	13.25	1.85	-9.83	8.22	8.28	4.449020	-75.199218	2.00	0.0000	0.0000	9.4850	10.0,*.	27.5980	47.8857	8.1599	-8.0850	63.3830	47	71
	0.00	0.00	13.08	1.77	-8.82	8.29	8.34	4.449020	-75.199218	2.00	0.0000	0.0000	9.5031	10.0'/.	26.5634	46.3421	8.2471	-8.0939	63.1197	45	70
	0.00	0.00	13.15	1.41	-7.87	8.30	8.36	4.449020	-75.199218	2.0	0.0000	0.0000	9.4928	10.0(),	25.4388	44.9798	8.2887	-7.9730	63.0672	44	70
	0.00	0.00	13.20	1.60	-7.95	8.26	8.34	4.449020	-75.199218	2.00	0.0000	0.0000	9.4457	10.0--,	24.8435	44.5244	8.4336	-8.2647	62.7785	44	70
	0.00	0.00	13.18	1.71	-8.04	8.16	8.30	4.449020	-75.199218	2.00	0.0000	0.0000	9.3873	9.9361	24.4926	44.4395	8.4174	-8.3808	62.6935	44	71
	0.00	0.00	13.15	1.69	-7.70	8.05	8.26	4.449020	-75.199218	2.00	0.0000	0.0000	9.3356	9.8487	24.2721	44.7219	8.5322	-8.4671	62.5059	43	72
	0.00	0.00	13.05	2.40	-8.05	7.99	8.25	4.449020	-75.199218	2.00	0.0000	0.0000	9.3010	9.8020	24.4677	45.5743	8.6247	-8.5630	62.4159	42	72
	0.00	0.00	13.26	3.15	-8.59	7.96	8.27	4.449020	-75.199218	2.00	0.0000	0.0000	9.2865	9.7762	24.4537	46.2225	8.5168	-8.6193	62.3693	41	72
	0.00	0.00	13.25	2.78	-7.97	7.95	8.30	4.449020	-75.199218	2.00	0.0000	0.0000	9.2913	9.7814	23.6559	46.1551	8.3992	-8.7357	62.2932	40	73
	0.00	0.00	13.26	1.90	-7.11	7.93	8.30	4.449020	-75.199218	2.00	0.0000	0.0000	9.2794	9.7842	22.5419	45.8961	8.3853	-9.0503	62.0771	40	74
	0.00	0.00	13.20	1.76	-7.51	7.93	8.26	4.449020	-75.199218	2.00	0.0000	0.0000	9.2293	9.7882	22.0309	46.3752	8.5124	-8.6238	61.9357	40	74
	0.00	0.00	13.22	2.08	-8.29	7.94	8.22	4.449020	-75.199218	2.00	0.0000	0.0000	9.1769	9.7900	22.0587	46.8441	8.3505	-8.8776	61.7974	39	73
	0.00	0.00	13.18	1.80	-7.74	7.99	8.19	4.449010	-75.199218	2.00	0.0000	0.0000	9.1428	9.8389	21.8214	46.5717	8.3553	-8.2808	61.7212	39	73
	0.00	0.00	13.08	1.22	-6.67	8.13	8.18	4.449010	-75.199218	2.00	0.0000	0.0000	9.1319	9.9630	21.4350	45.7165	8.3998	-8.3166	61.6687	39	71
	0.00	0.00	13.20	1.29	-6.85	8.35	8.22	4.449010	-75.199218	2.00	0.0000	0.0000	9.1517	10.//))	21.2490	44.6205	8.5824	-8.0514	61.4787	38	67
	0.00	0.00	13.14	1.69	-7.50	8.49	8.29	4.449010	-75.199218	2.00	0.0000	0.0000	9.1824	10./)*+	20.7810	42.8230	8.5555	-8.1189	61.3831	36	64
	0.00	0.00	13.08	1.48	-7.02	8.46	8.34	4.449010	-75.199218	2.00	0.0000	0.0000	9.1968	10./0(+	19.7004	40.8676	8.5681	-8.0167	61.2674	35	64
	0.00	0.00	13.16	0.89	-6.20	8.32	8.35	4.449010	-75.199218	2.00	0.0000	0.0000	9.1834	9.9753	18.5374	40.0329	8.6444	-8.1747	61.0351	34	66
	0.00	0.00	13.16	0.84	-6.58	8.16	8.31	4.449010	-75.199218	2.00	0.0000	0.0000	9.1263	9.8308	17.9164	40.7327	8.6488	-8.0203	60.8564	34	67
	0.00	0.00	13.25	1.15	-7.32	8.01	8.27	4.449010	-75.199218	2.00	0.0000	0.0000	9.0696	9.7014	17.8608	41.9166	8.6154	-7.9890	60.8195	33	68
	0.00	0.00	13.22	1.00	-7.01	7.87	8.25	4.449010	-75.199218	2.00	0.0000	0.0000	9.0377	9.6044	17.6054	42.7402	8.5014	-8.0721	60.7118	33	70
	0.00	0.00	13.00	0.37	-6.61	7.75	8.19	4.449010	-75.199218	2.00	0.0000	0.0000	8.9825	9.5370	17.0219	43.7172	8.4936	-8.0840	60.6637	34	73
	0.00	0.00	13.32	-0.34	-7.08	7.69	8.10	4.449010	-75.199218	2.00	0.0000	0.0000	8.9132	9.5132	16.8173	45.1726	8.4339	-8.1454	60.5161	35	74
	0.00	0.00	13.09	-0.95	-7.36	7.72	8.01	4.449010	-75.199218	2.00	0.0000	0.0000	8.8522	9.5612	17.0048	46.1707	8.4020	-8.0988	60.4172	36	73
	0.00	0.00	13.20	-1.37	-7.47	7.82	7.94	4.449010	-75.199218	2.00	0.0000	0.0000	8.8115	9.6579	17.4119	46.4185	8.3361	-7.9389	60.4038	37	72
	0.00	0.00	13.23	-1.36	-8.60	7.92	7.88	4.449010	-75.199218	2.00	0.0000	0.0000	8.7761	9.7274	17.9928	46.5477	8.3624	-8.0748	60.1955	38	71
	0.00	0.00	13.30	-0.93	-9.99	8.05	7.87	4.449010	-75.199218	2.00	0.0000	0.0000	8.7765	9.8053	18.7995	46.6418	8.3794	-7.9358	60.1529	38	69
	0.00	0.00	13.25	-0.67	-9.97	8.18	7.90	4.449010	-75.199218	2.00	0.0000	0.0000	8.8068	9.8899	19.1637	45.6041	8.6420	-7.9930	59.9357	37	67
	0.00	0.00	13.22	-0.75	-9.12	8.23	7.96	4.448996	-75.199211	2.00	0.0000	0.0000	8.8603	9.9165	19.0541	44.0178	8.6687	-7.8794	59.8801	37	67
	0.00	0.00	13.16	-0.72	-9.28	8.17	8.01	4.448996	-75.199211	2.00	0.0000	0.0000	8.8982	9.8465	18.7142	43.4586	8.6852	-7.9807	59.7109	36	67
	0.00	0.00	13.14	-0.40	-9.94	8.04	8.02	4.448996	-75.199211	2.00	0.0000	0.0000	8.8967	9.7245	18.5216	43.9669	8.7025	-7.9829	59.6499	36	69
	0.00	0.00	13.11	-0.29	-9.59	7.90	8.00	4.448996	-75.199211	2.00	0.0000	0.0000	8.8755	9.6231	18.4871	44.6290	8.8423	-7.8974	59.4663	37	71
	0.00	0.00	13.09	-0.58	-8.78	7.78	7.98	4.448996	-75.199211	2.00	0.0000	0.0000	8.8643	9.5588	18.4934	45.3651	8.7869	-7.9368	59.3748	37	73
	0.00	0.00	13.00	-0.56	-9.01	7.70	7.99	4.448996	-75.199211	2.00	0.0000	0.0000	8.8757	9.5214	18.6797	46.6681	8.7287	-7.9440	59.3159	37	74
	0.00	0.00	13.19	0.06	-9.80	7.66	7.98	4.448996	-75.199211	2.00	0.0000	0.0000	8.8595	9.5083	18.9155	48.0573	8.7601	-7.9202	59.2847	37	75
	0.00	0.00	13.25	0.36	-9.56	7.68	7.94	4.448996	-75.199211	2.00	0.0000	0.0000	8.8241	9.5550	19.1564	48.7173	8.6350	-7.7098	59.1000	37	76
	0.00	0.00	13.18	-0.01	-8.95	7.74	7.89	4.448996	-75.199211	2.00	0.0000	0.0000	8.7959	9.6349	19.3533	48.7810	8.5659	-7.6200	58.9042	38	76
	0.00	0.00	13.15	-0.38	-9.37	7.83	7.84	4.448996	-75.199211	2.00	0.0000	0.0000	8.7746	9.7175	19.7100	49.0012	8.5754	-7.5992	58.8405	40	75
	0.00	0.00	13.22	-0.42	-9.97	7.90	7.79	4.448996	-75.199211	2.00	0.0000	0.0000	8.7530	9.7698	20.3034	48.9296	8.6536	-7.6518	58.6671	41	74
	0.00	0.00	13.19	-0.36	-10.35	7.97	7.77	4.448996	-75.199211	2.00	0.0000	0.0000	8.7567	9.8195	21.0151	48.7953	8.5661	-7.6605	58.6080	41	73
	0.00	0.00	13.15	-0.51	-11.45	8.02	7.80	4.448996	-75.199211	2.00	0.0000	0.0000	8.8019	9.8386	21.4318	48.8966	8.5552	-7.7674	58.4400	41	72
	0.00	0.00	13.16	-0.64	-12.62	8.03	7.87	4.448996	-75.199211	2.00	0.0000	0.0000	8.8730	9.8207	21.4669	49.0748	8.5546	-7.5305	58.4416	41	72
	0.00	0.00	13.26	-0.62	-12.43	7.97	7.93	4.448996	-75.199211	2.00	0.0000	0.0000	8.9255	9.7683	21.1962	48.8533	8.6316	-7.8750	58.1741	40	73
	0.00	0.00	13.22	-0.76	-11.00	7.86	7.97	4.448996	-75.199211	2.00	0.0000	0.0000	8.9596	9.7073	20.8396	48.6592	8.6679	-7.6858	58.1073	40	76
	0.00	0.00	13.22	-1.03	-9.92	7.79	7.98	4.448996	-75.199211	2.00	0.0000	0.0000	8.9705	9.6898	20.5002	49.1777	8.6618	-7.3569	58.0202	40	77
	0.00	0.00	13.27	-0.96	-9.97	7.79	8.00	4.448985	-75.199203	2.00	0.0000	0.0000	8.9863	9.7149	20.5229	50.0267	8.6296	-7.4284	58.0113	40	77
	0.00	0.00	13.22	-0.51	-10.10	7.78	8.01	4.448985	-75.199203	2.00	0.0000	0.0000	8.9862	9.7229	20.5983	50.3921	8.5976	-7.2064	58.0455	40	78
	0.00	0.00	13.01	-0.29	-10.12	7.76	8.02	4.448985	-75.199203	2.00	0.0000	0.0000	8.9880	9.7242	20.6128	50.8336	8.5469	-7.2200	57.9362	39	79
	0.00	0.00	13.01	-0.53	-11.16	7.73	8.00	4.448985	-75.199203	2.00	0.0000	0.0000	8.9724	9.7054	20.3894	51.8776	8.5872	-7.3258	57.8059	40	80
	0.00	0.00	13.01	-0.65	-12.72	7.72	7.96	4.448985	-75.199203	2.00	0.0000	0.0000	8.9442	9.6952	20.4933	53.2576	8.5710	-7.4440	57.6883	41	80
	0.00	0.00	13.23	-0.39	-13.57	7.75	7.91	4.448985	-75.199203	2.00	0.0000	0.0000	8.9073	9.7241	20.9725	54.1372	8.6028	-7.4001	57.6556	41	80
	0.00	0.00	13.16	-0.27	-14.26	7.82	7.87	4.448985	-75.199203	2.00	0.0000	0.0000	8.8840	9.7834	21.5142	54.6327	8.6050	-7.3770	57.5026	42	79
	0.00	0.00	13.25	-0.15	-15.07	7.93	7.90	4.448985	-75.199203	2.00	0.0000	0.0000	8.9187	9.8649	22.0452	54.8038	8.5627	-7.2643	57.4777	42	77
	0.00	0.00	13.19	0.39	-14.88	8.05	7.99	4.448985	-75.199203	2.00	0.0000	0.0000	8.9879	9.9567	22.2241	54.0287	8.7755	-7.1551	57.2987	40	76
	0.00	0.00	13.16	0.68	-13.17	8.15	8.08	4.448985	-75.199203	2.00	0.0000	0.0000	9.0479	10.0,*)	21.7212	52.2957	8.8781	-7.1489	57.2091	39	75
	0.00	0.00	13.11	0.33	-11.26	8.18	8.15	4.448985	-75.199203	2.00	0.0000	0.0000	9.0939	10.0(.+	20.8004	50.5039	8.8166	-7.1638	57.0362	38	75
	0.00	0.00	13.27	0.06	-10.51	8.13	8.19	4.448985	-75.199203	2.00	0.0000	0.0000	9.1128	10.0,.(	19.9711	49.7384	8.8239	-7.1391	57.0000	37	76
	0.00	0.00	13.23	0.40	-10.34	8.03	8.19	4.448985	-75.199203	2.00	0.0000	0.0000	9.0908	9.9624	19.5811	49.8467	8.9095	-7.1835	56.8273	37	77
	0.00	0.00	13.23	0.73	-9.86	7.94	8.19	4.448985	-75.199203	2.00	0.0000	0.0000	9.0702	9.9040	19.4413	50.2709	8.8562	-7.0418	56.7567	36	79
	0.00	0.00	13.14	0.41	-9.70	7.90	8.19	4.448985	-75.199203	2.00	0.0000	0.0000	9.0590	9.8880	18.9625	50.9097	8.7556	-7.1462	56.6967	36	79
	0.00	0.00	13.29	0.03	-10.60	7.87	8.18	4.448985	-75.199203	2.00	0.0000	0.0000	9.0428	9.8640	18.4784	51.7640	8.7853	-7.1871	56.6605	35	80
	0.00	0.00	13.12	0.29	-11.76	7.84	8.13	4.448975	-75.199195	2.00	0.0000	0.0000	8.9879	9.8341	18.3999	52.7156	8.7582	-7.2025	56.5169	36	80
	0.00	0.00	13.33	0.71	-11.97	7.85	8.07	4.448975	-75.199195	2.00	0.0000	0.0000	8.9276	9.8498	18.7466	53.2459	8.7181	-7.0819	56.4229	36	80
	0.00	0.00	13.14	0.61	-11.61	7.87	8.02	4.448975	-75.199195	2.00	0.0000	0.0000	8.8875	9.8806	18.9823	53.2201	8.6957	-7.0804	56.3467	37	80
	0.00	0.00	13.23	0.37	-11.54	7.92	7.99	4.448975	-75.199195	2.00	0.0000	0.0000	8.8698	9.9303	19.1705	53.2689	8.6947	-6.9858	56.3001	37	80
	0.00	0.00	13.33	0.39	-11.23	8.01	8.02	4.448975	-75.199195	2.00	0.0000	0.0000	8.8974	10.00(*	19.3951	52.8892	8.7653	-6.9665	56.2540	36	79
	0.00	0.00	12.93	0.22	-10.70	8.14	8.10	4.448975	-75.199195	2.00	0.0000	0.0000	8.9600	10.//.,	19.0380	51.9865	9.0168	-6.8299	56.1044	35	77
	0.00	0.00	13.22	-0.17	-10.96	8.25	8.18	4.448975	-75.199195	2.00	0.0000	0.0000	9.0162	10./)*'	18.1187	50.9971	9.0055	-6.8743	56.0495	34	75
	0.00	0.00	13.07	-0.17	-11.66	8.29	8.22	4.448975	-75.199195	2.00	0.0000	0.0000	9.0291	10./)0.	17.2961	50.1885	8.9095	-6.9368	55.8926	33	74
	0.00	0.00	13.20	0.18	-11.46	8.25	8.22	4.448975	-75.199195	2.00	0.0000	0.0000	9.0039	10.//-/	16.8588	49.3632	9.0519	-7.0215	55.7189	32	74
	0.00	0.00	13.16	0.19	-9.89	8.15	8.20	4.448975	-75.199195	2.00	0.0000	0.0000	8.9696	10.0-'-	16.5141	48.5105	9.1204	-6.8424	55.5951	32	76
	0.00	0.00	13.22	-0.25	-8.44	8.02	8.19	4.448975	-75.199195	2.00	0.0000	0.0000	8.9536	9.9571	16.1177	48.3196	9.0437	-6.9247	55.5160	32	78
	0.00	0.00	13.01	-0.44	-8.43	7.90	8.18	4.448975	-75.199195	2.00	0.0000	0.0000	8.9361	9.8758	15.7912	49.2261	8.8910	-6.9072	55.5125	32	79
	0.00	0.00	13.19	-0.06	-9.24	7.79	8.14	4.448975	-75.199195	2.0	0.0000	0.0000	8.8871	9.7958	15.7592	50.5936	8.7943	-6.8181	55.5110	32	81
	0.00	0.00	13.09	0.22	-10.20	7.70	8.06	4.448975	-75.199195	2.0	0.0000	0.0000	8.8112	9.7341	15.9459	52.1240	8.8258	-7.2043	55.3264	33	82
	0.00	0.00	13.30	0.07	-11.61	7.69	7.98	4.448975	-75.199195	2.00	0.0000	0.0000	8.7504	9.7334	16.3321	53.8746	8.8147	-6.9574	55.3666	34	82
	0.00	0.00	13.15	0.13	-13.28	7.75	7.91	4.448975	-75.199195	2.00	0.0000	0.0000	8.7024	9.7782	16.9436	55.1772	8.7471	-7.1585	55.3716	34	81
	0.00	0.00	13.12	0.56	-14.37	7.86	7.88	4.448975	-75.199195	2.00	0.0000	0.0000	8.6851	9.8594	17.7686	55.6214	8.7850	-7.2436	55.2898	35	80
	0.00	0.00	13.09	0.63	-14.17	7.99	7.92	4.448963	-75.199188	2.00	0.0000	0.0000	8.7265	9.9634	18.1636	54.9443	8.9067	-7.3123	55.1484	34	78
	0.00	0.00	13.15	0.52	-13.05	8.16	8.02	4.448963	-75.199188	2.00	0.0000	0.0000	8.8106	10./0,0	17.9264	53.5234	9.0806	-7.0054	55.0373	33	76
	0.00	0.00	13.37	0.69	-11.72	8.32	8.14	4.448963	-75.199188	2.00	0.0000	0.0000	8.8948	10...)/	17.2681	51.4670	9.1654	-7.4698	54.8107	31	74
	0.00	0.00	13.09	0.62	-9.94	8.40	8.22	4.448963	-75.199188	2.00	0.0000	0.0000	8.9387	10..(.*	16.1744	49.0328	9.0803	-6.9691	54.8125	30	73
	0.00	0.00	13.27	0.11	-8.24	8.36	8.25	4.448963	-75.199188	2.00	0.0000	0.0000	8.9461	10..,-0	15.0477	47.1058	9.0531	-7.1523	54.7794	29	74
	0.00	0.00	13.08	-0.42	-7.92	8.23	8.25	4.448963	-75.199188	2.00	0.0000	0.0000	8.9328	10./.,(	14.2193	46.7531	9.1349	-7.0207	54.5864	29	75
	0.00	0.00	13.27	-0.54	-8.61	8.09	8.25	4.448963	-75.199188	2.00	0.0000	0.0000	8.9167	9.9978	13.7832	47.6533	9.0024	-6.9910	54.5101	28	76
	0.00	0.00	13.25	-0.32	-8.86	7.97	8.24	4.448963	-75.199188	2.00	0.0000	0.0000	8.8873	9.9019	13.4850	48.5602	9.0204	-7.1005	54.4871	27	77
	0.00	0.00	13.25	-0.32	-8.79	7.89	8.21	4.448963	-75.199188	2.00	0.0000	0.0000	8.8456	9.8509	13.1601	49.3734	9.0306	-7.1242	54.4484	27	78
	0.00	0.00	13.18	-0.61	-9.43	7.86	8.13	4.448963	-75.199188	2.00	0.0000	0.0000	8.7726	9.8336	12.8935	50.3918	8.9607	-7.1430	54.3175	28	79
	0.00	0.00	13.36	-0.83	-10.37	7.89	8.04	4.448963	-75.199188	2.00	0.0000	0.0000	8.7012	9.8561	13.1555	51.2351	8.8670	-7.0255	54.3047	29	78
	0.00	0.00	13.19	-0.83	-10.37	8.01	7.97	4.448963	-75.199188	2.00	0.0000	0.0000	8.6506	9.9548	13.7127	51.1443	8.9293	-7.0447	54.2129	30	76
	0.00	0.00	13.22	-0.86	-9.76	8.15	7.94	4.448963	-75.199188	2.00	0.0000	0.0000	8.6357	10.0*,+	14.2100	49.9653	9.0046	-6.8786	54.0907	30	74
	0.00	0.00	13.14	-1.04	-9.87	8.22	7.99	4.448963	-75.199188	2.00	0.0000	0.0000	8.6854	10.0')'	14.3995	48.8371	9.1083	-6.8758	53.8913	29	73
	0.00	0.00	13.26	-1.23	-10.38	8.24	8.06	4.448963	-75.199188	2.00	0.0000	0.0000	8.7420	10.0(-.	13.9443	48.2869	9.1790	-6.7519	53.7923	29	72
	0.00	0.00	13.22	-1.31	-9.80	8.21	8.11	4.448963	-75.199188	2.00	0.0000	0.0000	8.7736	10.0,++	13.3288	47.4845	9.1137	-7.0580	53.6677	28	73
	0.00	0.00	13.20	-1.34	-8.58	8.15	8.12	4.448963	-75.199188	2.00	0.0000	0.0000	8.7697	10.00..	12.8094	46.7959	9.1848	-6.9013	53.5738	28	74
	0.00	0.00	13.30	-1.03	-8.29	8.06	8.10	4.448952	-75.199180	2.00	0.0000	0.0000	8.7392	9.9318	12.7211	46.8735	9.1775	-7.0746	53.4122	28	75
	0.00	0.00	13.26	-0.24	-8.53	7.96	8.07	4.448952	-75.199180	2.00	0.0000	0.0000	8.6969	9.8532	13.0869	47.5286	9.1653	-6.8403	53.3343	27	76
	0.00	0.00	13.04	0.24	-8.75	7.88	8.07	4.448952	-75.199180	2.00	0.0000	0.0000	8.6845	9.7973	13.3898	48.3778	9.0881	-6.8555	53.3168	27	77
	0.00	0.00	13.09	0.08	-9.86	7.84	8.06	4.448952	-75.199180	2.00	0.0000	0.0000	8.6722	9.7652	13.1672	49.6440	9.0385	-6.8147	53.3352	27	77
	0.00	0.00	13.15	-0.04	-11.27	7.78	8.02	4.448952	-75.199180	2.00	0.0000	0.0000	8.6386	9.7107	13.0938	50.8132	9.0302	-6.9411	53.2044	28	78
	0.00	0.00	13.19	0.37	-11.68	7.71	7.96	4.448952	-75.199180	2.00	0.0000	0.0000	8.5870	9.6663	13.5557	51.7514	8.9578	-6.8601	53.0983	28	80
	0.00	0.00	13.22	0.85	-11.66	7.68	7.89	4.448952	-75.199180	2.00	0.0000	0.0000	8.5313	9.6682	14.2618	52.6853	8.9350	-6.8156	53.0360	29	81
	0.00	0.00	13.09	0.74	-12.50	7.71	7.84	4.448952	-75.199180	2.00	0.0000	0.0000	8.5056	9.7069	14.8532	53.8012	9.0004	-6.7320	53.0007	30	80
	0.00	0.00	13.07	0.47	-13.73	7.76	7.82	4.448952	-75.199180	2.00	0.0000	0.0000	8.5100	9.7472	15.3151	54.6131	8.9858	-6.6820	52.9630	31	80
	0.00	0.00	13.15	0.53	-13.91	7.85	7.87	4.448952	-75.199180	2.00	0.0000	0.0000	8.5652	9.8264	15.7640	54.7025	9.1049	-6.6388	52.8561	30	79
	0.00	0.00	13.04	0.49	-13.30	7.96	7.96	4.448952	-75.199180	2.00	0.0000	0.0000	8.6438	9.9254	15.5734	54.0099	9.2078	-6.4612	52.7848	29	78
	0.00	0.00	13.02	0.04	-13.20	8.09	8.03	4.448952	-75.199180	2.00	0.0000	0.0000	8.7022	10.0.++	14.7876	53.2870	9.1822	-6.6599	52.7125	29	76
	0.00	0.00	13.18	-0.40	-13.28	8.16	8.06	4.448952	-75.199180	2.00	0.0000	0.0000	8.7253	10.0*--	14.0750	52.2876	9.2451	-6.6562	52.6524	29	75
	0.00	0.00	13.27	-0.28	-12.54	8.14	8.06	4.448952	-75.199180	2.00	0.0000	0.0000	8.7175	10.0-'-	13.8676	51.2215	9.2765	-6.6858	52.5546	28	76
	0.00	0.00	13.11	0.14	-11.67	8.06	8.07	4.448952	-75.199180	2.00	0.0000	0.0000	8.7143	9.9800	13.9848	50.7777	9.2852	-6.6581	52.4231	28	77
	0.00	0.00	13.27	0.26	-11.53	7.96	8.08	4.448952	-75.199180	2.00	0.0000	0.0000	8.7132	9.9065	13.8409	51.2142	9.2502	-6.6195	52.4104	28	79
	0.00	0.00	13.08	0.38	-11.81	7.88	8.10	4.448943	-75.199172	2.00	0.0000	0.0000	8.7198	9.8509	13.6983	52.1083	9.2088	-6.7241	52.4087	27	80
	0.00	0.00	13.29	0.73	-12.16	7.82	8.08	4.448943	-75.199172	2.00	0.0000	0.0000	8.6896	9.8138	13.5636	52.9989	9.2528	-6.5749	52.3375	27	81
	0.00	0.00	12.94	0.71	-12.77	7.75	8.03	4.448943	-75.199172	2.00	0.0000	0.0000	8.6443	9.7676	13.5720	53.9808	9.2428	-6.4309	52.2645	28	82
	0.00	0.00	13.05	0.46	-13.60	7.72	7.97	4.448943	-75.199172	2.00	0.0000	0.0000	8.6015	9.7548	13.7584	55.2579	9.2508	-6.4912	52.2186	29	82
	0.00	0.00	13.09	0.69	-14.18	7.76	7.92	4.448943	-75.199172	2.00	0.0000	0.0000	8.5663	9.7996	14.3416	56.1519	9.2729	-6.1842	52.2328	29	82
	0.00	0.00	13.12	1.12	-14.51	7.88	7.91	4.448943	-75.199172	2.00	0.0000	0.0000	8.5620	9.9037	15.0075	56.3749	9.2772	-6.2140	52.1876	29	81
	0.00	0.00	13.07	1.01	-15.19	8.00	7.97	4.448943	-75.199172	2.00	0.0000	0.0000	8.6178	9.9883	15.1293	56.0363	9.4993	-6.3792	52.0653	28	79
	0.00	0.00	13.25	0.66	-15.80	8.09	8.06	4.448943	-75.199172	2.00	0.0000	0.0000	8.6925	10.0-'.	14.5642	55.5003	9.6202	-6.3039	51.9467	27	78
	0.00	0.00	13.14	0.65	-15.56	8.16	8.12	4.448943	-75.199172	2.00	0.0000	0.0000	8.7299	10.0(/.	13.8471	54.6208	9.5569	-6.4783	51.8642	26	77
	0.00	0.00	13.19	0.63	-14.76	8.22	8.15	4.448943	-75.199172	2.00	0.0000	0.0000	8.7399	10././'	13.2505	53.5102	9.5607	-6.4833	51.7699	26	76
	0.00	0.00	12.97	0.23	-14.27	8.21	8.16	4.448943	-75.199172	2.00	0.0000	0.0000	8.7392	10./0/+	12.6217	52.5366	9.5678	-6.4729	51.6142	25	76
	0.00	0.00	13.14	-0.36	-14.30	8.14	8.16	4.448943	-75.199172	2.00	0.0000	0.0000	8.7353	10.0-/+	12.0266	52.3320	9.5367	-6.4438	51.4405	25	76
	0.00	0.00	13.22	-0.55	-14.11	8.03	8.16	4.448943	-75.199172	2.00	0.0000	0.0000	8.7276	9.9415	11.6956	52.5171	9.4435	-6.5223	51.3590	25	78
	0.00	0.00	13.09	-0.19	-13.52	7.93	8.15	4.448943	-75.199172	2.00	0.0000	0.0000	8.7033	9.8772	11.6159	52.9541	9.3593	-6.5013	51.3586	24	79
	0.00	0.00	13.14	-0.03	-13.35	7.84	8.10	4.448943	-75.199172	2.00	0.0000	0.0000	8.6500	9.8237	11.5126	53.6786	9.2737	-6.6009	51.2449	25	81
	0.00	0.00	13.18	-0.35	-13.79	7.79	8.03	4.448943	-75.199172	2.00	0.0000	0.0000	8.5945	9.7984	11.5515	54.7659	9.1284	-6.4771	51.1771	26	82
	0.00	0.00	13.16	-0.76	-14.14	7.79	7.96	4.448943	-75.199172	2.00	0.0000	0.0000	8.5487	9.8130	11.7992	55.5816	9.1317	-6.4992	51.1332	27	82
	0.00	0.00	12.98	-1.12	-14.15	7.84	7.92	4.448930	-75.199165	2.00	0.0000	0.0000	8.5321	9.8679	12.1754	55.8903	9.0954	-6.2387	51.1020	28	81
	0.00	0.00	13.11	-1.45	-14.27	7.94	7.93	4.448930	-75.199165	2.00	0.0000	0.0000	8.5557	9.9539	12.4083	55.8420	9.1144	-6.2871	50.9400	27	80
	0.00	0.00	13.08	-1.69	-14.50	8.05	8.00	4.448930	-75.199165	2.00	0.0000	0.0000	8.6209	10.0-,*	12.3170	55.3410	9.2058	-6.1977	50.8483	26	79
	0.00	0.00	13.18	-1.81	-14.17	8.16	8.09	4.448930	-75.199165	2.00	0.0000	0.0000	8.6900	10.//-0	11.7558	54.3363	9.2225	-6.1672	50.7752	25	77
	0.00	0.00	13.12	-1.81	-13.13	8.26	8.15	4.448930	-75.199165	2.00	0.0000	0.0000	8.7243	10./(*+	10.9915	52.8274	9.1220	-6.3923	50.6713	24	76
	0.00	0.00	13.19	-1.75	-12.34	8.33	8.17	4.448930	-75.199165	2.00	0.0000	0.0000	8.7228	10...(/	10.3859	51.3747	9.1123	-6.4660	50.5846	24	74
	0.00	0.00	13.16	-1.65	-12.18	8.33	8.17	4.448930	-75.199165	2.00	0.0000	0.0000	8.7061	10..0./	10.0409	50.3236	9.2108	-6.4819	50.5000	23	74
	0.00	0.00	13.15	-1.53	-11.77	8.24	8.16	4.448930	-75.199165	2.00	0.0000	0.0000	8.6828	10.///)	9.8292	49.6286	9.1585	-6.5374	50.4191	23	75
	0.00	0.00	13.09	-1.45	-10.59	8.11	8.14	4.448930	-75.199165	2.00	0.0000	0.0000	8.6539	10.0/,*	9.6771	49.3332	9.0913	-6.6138	50.3865	23	77
	0.00	0.00	13.04	-1.45	-9.40	7.97	8.11	4.448930	-75.199165	2.00	0.0000	0.0000	8.6207	9.9257	9.5882	49.5134	9.0010	-6.6138	50.3648	23	79
	0.00	0.00	13.18	-1.47	-9.34	7.86	8.07	4.448930	-75.199165	2.00	0.0000	0.0000	8.5833	9.8570	9.6093	50.5262	9.0201	-6.6135	50.2305	23	80
	0.00	0.00	13.11	-1.51	-10.14	7.78	8.01	4.448930	-75.199165	2.00	0.0000	0.0000	8.5342	9.8034	9.7549	51.8772	9.1044	-6.3884	50.1718	24	81
	0.00	0.00	13.09	-1.54	-10.78	7.73	7.96	4.448930	-75.199165	2.00	0.0000	0.0000	8.4990	9.7765	10.1442	53.0516	9.1796	-6.3822	50.1699	25	82
	0.00	0.00	13.14	-1.58	-11.45	7.76	7.92	4.448930	-75.199165	2.00	0.0000	0.0000	8.4753	9.8135	10.5248	54.1233	9.0941	-6.2737	50.2100	25	82
	0.00	0.00	13.29	-1.66	-12.21	7.89	7.92	4.448930	-75.199165	2.00	0.0000	0.0000	8.4860	9.9201	10.8828	54.6147	9.1310	-6.1381	50.2169	25	80
	0.00	0.00	13.07	-1.78	-12.12	8.05	7.97	4.448930	-75.199165	2.00	0.0000	0.0000	8.5341	10.0,,(	10.9327	53.7869	9.3234	-6.2308	50.1090	25	78
	0.00	0.00	13.11	-1.87	-11.58	8.20	8.06	4.448930	-75.199165	2.00	0.0000	0.0000	8.6060	10./+,)	10.5723	52.3428	9.5047	-6.0768	49.9697	23	76
	0.00	0.00	13.16	-1.91	-11.60	8.34	8.12	4.448919	-75.199157	2.00	0.0000	0.0000	8.6432	10..-'.	9.8255	51.0285	9.4450	-6.1530	49.8570	23	74
	0.00	0.00	13.22	-1.87	-11.42	8.43	8.14	4.448919	-75.199157	2.00	0.0000	0.0000	8.6444	10..)+(	9.2613	49.4360	9.4815	-6.0007	49.8707	22	72
	0.00	0.00	13.22	-1.79	-9.85	8.43	8.15	4.448919	-75.199157	2.00	0.0000	0.0000	8.6382	10..+)'	8.9553	47.3879	9.5463	-6.1350	49.7043	22	72
	0.00	0.00	13.18	-1.76	-8.11	8.33	8.14	4.448919	-75.199157	2.00	0.0000	0.0000	8.6172	10./),0	8.6596	45.9372	9.5095	-6.0098	49.6013	21	73
