	0.00	0.00	12.98	-2.62	-2.12	0.01	-0.03	4.449454	-75.198562	2.00	-0.3347	0.7848	-9.5830	0.0786	-0.1191	0.9555	-0.1110	0.0177	5.7338	2	1
	0.00	0.00	13.07	-2.76	-2.22	0.01	-0.03	4.449454	-75.198562	2.00	-0.3478	0.7976	-9.6191	0.0805	-0.1181	0.9404	-0.1110	0.0178	5.7338	34	32
	0.00	0.00	12.91	-2.10	-3.46	0.01	-0.43	4.449454	-75.198562	2.00	-0.3467	0.8078	-9.5875	0.2231	-0.2138	0.6499	-0.1110	0.0177	5.7336	72	64
	0.00	0.00	12.73	0.55	-7.40	1.93	-0.12	4.449454	-75.198562	2.00	-1.3892	1.0456	-9.9912	0.8291	-0.3857	1.2324	-0.1109	0.0185	5.7338	97	62
	0.00	0.00	12.65	5.25	-12.02	1.32	0.69	4.449454	-75.198562	2.00	-0.5237	0.9843	-9.6547	0.3183	0.5971	0.5268	-0.1097	0.0272	5.7324	100	100
	0.00	0.00	12.66	10.10	-15.12	1.56	2.20	4.449454	-75.198562	2.00	0.8636	0.8902	-9.3661	0.1782	-0.2680	1.1259	-0.1075	0.0313	5.7324	100	100
	0.00	0.00	12.86	12.58	-17.35	2.87	4.29	4.449454	-75.198562	2.00	0.4517	0.4156	-8.9978	0.0825	-0.0400	1.1748	-0.1061	0.0270	5.7326	87	100
	0.00	0.00	12.94	11.98	-17.79	5.02	6.54	4.449454	-75.198562	2.00	-0.7923	0.3480	-9.8676	0.0483	-0.2397	1.1972	-0.1075	0.0201	5.7333	59	100
	0.00	0.00	12.75	9.18	-15.79	7.44	8.44	4.449454	-75.198562	2.00	-0.9659	0.8045	-9.8019	-0.0522	-0.0620	1.0605	-0.1115	0.0181	5.7336	30	69
	0.00	0.00	12.90	5.44	-12.56	9.57	9.62	4.449454	-75.198562	2.00	-0.2818	1.4106	-9.4845	0.3056	-0.0136	0.7700	-0.1147	0.0200	5.7336	9	28
	0.00	0.00	12.76	1.96	-9.10	11.08	10.00	4.449454	-75.198562	2.00	-0.5587	0.9915	-9.5394	0.1865	-0.0791	0.9926	-0.1156	0.0172	5.7341	-1	-8
	0.00	0.00	13.01	-0.58	-6.13	11.83	9.70	4.449454	-75.198562	2.00	-0.6009	0.7028	-9.6666	0.0498	-0.0258	0.9194	-0.1150	0.0166	5.7340	-2	-37
	0.00	0.00	12.76	-2.09	-3.93	11.81	8.83	4.449454	-75.198562	2.00	-0.3313	0.7218	-9.5754	0.2041	-0.0312	1.1762	-0.1139	0.0179	5.7339	8	-53
	0.00	0.00	12.95	-2.79	-2.67	11.25	7.53	4.449454	-75.198562	2.00	-0.3986	0.7160	-9.3633	0.1694	-0.2875	0.8769	-0.1133	0.0174	5.7339	31	-58
	0.00	0.00	12.86	-2.79	-2.42	10.56	6.03	4.449454	-75.198562	2.00	-0.5175	0.6727	-9.8067	0.1035	-0.1049	0.6772	-0.1140	0.0179	5.7338	61	-58
	0.00	0.00	12.86	-1.29	-2.62	10.04	4.64	4.449454	-75.198562	2.00	-0.1602	0.9541	-9.4107	-0.2788	0.1479	1.3193	-0.1141	0.0191	5.7338	94	-58
	0.00	0.00	12.71	2.83	-2.76	9.74	3.79	4.449454	-75.198562	2.00	0.4353	1.1269	-9.8178	0.2866	-0.0810	1.1337	-0.1132	0.0219	5.7333	100	-60
	0.00	0.00	12.80	8.32	-3.09	9.59	3.83	4.449454	-75.198562	2.00	0.8944	0.6632	-9.3162	0.2968	-0.2255	0.5883	-0.1110	0.0255	5.7331	100	-64
	0.00	0.00	12.89	11.93	-3.80	9.48	4.85	4.449454	-75.198562	2.00	0.1118	0.6697	-9.7315	-0.0878	-0.4218	1.1596	-0.1096	0.0234	5.7333	100	-67
	0.00	0.00	12.87	12.40	-4.62	9.38	6.55	4.449454	-75.198562	2.00	-0.7815	0.5913	-9.6883	0.2592	-0.2324	0.7504	-0.1101	0.0190	5.7334	100	-70
	0.00	0.00	12.95	10.83	-5.15	9.28	8.37	4.449454	-75.198562	2.00	-0.5805	0.8151	-9.7435	0.1215	-0.1762	1.0312	-0.1121	0.0194	5.7334	78	-74
	0.00	0.00	12.90	8.59	-5.32	9.19	9.89	4.449454	-75.198562	2.00	0.0014	1.0428	-9.4453	0.1518	-0.0952	1.0185	-0.1136	0.0207	5.7334	49	-77
	0.00	0.00	12.89	6.32	-5.47	9.14	10.81	4.449457	-75.198562	2.00	-0.4126	0.9649	-9.5981	0.0488	-0.1132	0.5971	-0.1132	0.0194	5.7333	26	-80
	0.00	0.00	12.72	4.33	-5.62	9.15	11.03	4.449457	-75.198562	2.00	0.0915	0.4884	-9.5319	0.1728	0.1645	0.4501	-0.1124	0.0194	5.7332	12	-85
	0.00	0.00	12.84	2.67	-5.56	9.27	10.67	4.449457	-75.198562	2.00	-0.7096	0.4588	-9.6902	-0.0541	-0.3393	1.3979	-0.1124	0.0189	5.7332	8	-92
	0.00	0.00	12.79	1.05	-5.50	9.52	9.89	4.449457	-75.198562	2.00	-0.0745	0.9106	-9.4424	0.1015	0.0581	0.8188	-0.1133	0.0199	5.7333	14	-100
	0.00	0.00	12.11	-0.43	-0.48	9.84	8.78	4.449457	-75.198562	2.00	-0.2938	0.8572	-9.5912	-0.7368	-0.8496	0.7729	-0.1137	0.0190	5.7333	29	-100
	0.00	0.00	12.52	-1.28	12.96	9.45	7.45	4.449457	-75.198562	2.00	0.4832	2.3900	-11.4771	0.7075	0.2617	-0.1162	-0.1155	0.0021	5.7355	52	-100
	0.00	0.00	12.64	-1.18	25.68	6.93	6.10	4.449457	-75.198562	2.00	-4.0580	0.2382	-10.6901	0.2119	-0.2934	1.5659	-0.1209	-0.0111	5.7377	80	-94
	0.00	0.00	12.15	0.41	25.18	2.28	5.06	4.449457	-75.198562	2.00	-3.3919	0.5541	-10.4390	-1.4287	-1.5981	2.3374	-0.1264	-0.0012	5.7368	100	-1
	0.00	0.00	12.54	4.57	11.35	-2.07	4.68	4.449457	-75.198562	2.00	1.9573	2.2430	-8.5526	0.3403	0.6088	0.7021	-0.1284	0.0413	5.7314	100	100
	0.00	0.00	12.43	9.92	-3.90	-3.80	5.15	4.449457	-75.198562	2.00	3.7844	1.8190	-8.0437	0.1323	0.5385	-0.3691	-0.1241	0.0672	5.7308	100	100
	0.00	0.00	12.71	12.86	-14.37	-2.76	6.34	4.449457	-75.198562	2.00	2.7105	0.3042	-6.8544	-0.0742	0.0644	0.6992	-0.1170	0.0612	5.7319	100	100
	0.00	0.00	12.86	12.61	-19.53	0.14	7.83	4.449457	-75.198562	2.00	-0.2469	0.6777	-10.4342	-0.0336	-0.2407	1.0375	-0.1115	0.0356	5.7340	86	100
	0.00	0.00	12.77	10.45	-19.40	3.78	9.23	4.449457	-75.198562	2.00	-2.2179	-0.0663	-10.6666	0.1000	-0.2133	0.9692	-0.1096	0.0121	5.7359	61	100
	0.00	0.00	12.77	7.34	-16.41	7.26	10.22	4.449457	-75.198562	2.00	-2.5474	0.3275	-9.9389	0.1611	-0.2363	1.0688	-0.1126	0.0080	5.7360	40	100
	0.00	0.00	12.89	3.96	-12.62	10.05	10.64	4.449457	-75.198562	2.00	0.2170	0.7253	-9.8603	0.2749	0.1015	0.3217	-0.1187	0.0189	5.7350	26	78
	0.00	0.00	12.89	0.94	-9.25	11.84	10.54	4.449457	-75.198562	2.00	0.5691	1.2173	-8.9182	0.1718	0.0356	0.8999	-0.1229	0.0243	5.7347	20	33
	0.00	0.00	12.83	-0.96	-6.60	12.64	10.05	4.449460	-75.198562	2.00	0.0316	1.2840	-9.3873	0.1938	-0.1777	0.5922	-0.1236	0.0198	5.7353	21	1
	0.00	0.00	12.95	-1.60	-4.53	12.59	9.26	4.449460	-75.198562	2.00	-1.2030	0.8938	-9.7545	-0.0488	-0.1040	1.0444	-0.1220	0.0145	5.7357	28	-17
	0.00	0.00	12.89	-1.80	-3.04	11.92	8.32	4.449460	-75.198562	2.00	-0.6791	1.2308	-10.1856	0.1542	-0.1630	0.8496	-0.1200	0.0161	5.7354	41	-23
	0.00	0.00	12.89	-1.55	-2.17	11.00	7.34	4.449460	-75.198562	2.00	-0.4744	0.6632	-9.6521	0.1850	-0.1596	0.7944	-0.1194	0.0189	5.7352	59	-21
	0.00	0.00	12.69	-0.19	-1.84	10.16	6.45	4.449460	-75.198562	2.00	0.1589	0.9196	-9.3244	-0.0083	-0.1884	1.2182	-0.1189	0.0205	5.7351	77	-17
	0.00	0.00	12.69	2.57	-1.83	9.39	5.87	4.449460	-75.198562	2.00	-0.4313	0.7564	-9.7319	0.4057	-0.2612	0.8227	-0.1188	0.0190	5.7351	92	-11
	0.00	0.00	12.62	6.55	-1.89	8.62	5.78	4.449460	-75.198562	2.00	0.5565	0.9357	-9.4375	0.2841	-0.1220	1.2626	-0.1190	0.0212	5.7346	99	-2
	0.00	0.00	12.75	10.27	-1.90	7.90	6.19	4.449460	-75.198562	2.00	0.2275	1.3968	-9.6045	0.0556	0.0673	0.8178	-0.1188	0.0218	5.7345	97	9
	0.00	0.00	12.95	11.82	-1.93	7.26	7.05	4.449460	-75.198562	2.00	-0.1356	0.7262	-9.5461	0.1655	-0.1362	0.7104	-0.1184	0.0207	5.7347	87	21
	0.00	0.00	12.68	10.86	-2.00	6.64	8.17	4.449460	-75.198562	2.00	-0.6739	0.7759	-9.6386	0.2109	-0.3266	0.8247	-0.1186	0.0194	5.7347	70	36
	0.00	0.00	12.84	8.87	-2.21	6.08	9.16	4.449460	-75.198562	2.00	-0.3645	0.8602	-9.6548	0.1406	0.0952	0.7734	-0.1194	0.0202	5.7345	52	52
	0.00	0.00	12.66	7.02	-2.72	5.67	9.75	4.449460	-75.198562	2.0	-0.2034	0.9027	-9.5009	-0.0815	0.1870	0.9721	-0.1199	0.0203	5.7344	37	68
	0.00	0.00	12.90	5.36	-3.45	5.56	9.88	4.449460	-75.198562	2.00	0.0657	0.7602	-9.5357	0.0561	-0.4462	1.3217	-0.1198	0.0191	5.7345	29	80
	0.00	0.00	12.73	3.73	-4.80	5.83	9.67	4.449460	-75.198562	2.00	-0.4754	0.9225	-9.7727	0.2021	0.0966	0.5932	-0.1199	0.0200	5.7345	27	85
	0.00	0.00	12.98	1.92	-7.02	6.33	9.19	4.449460	-75.198562	2.00	-0.0386	0.8376	-9.2725	-0.1098	-0.1093	1.1328	-0.1196	0.0221	5.7344	31	86
	0.00	0.00	12.76	0.60	-8.88	6.97	8.48	4.449460	-75.198562	2.00	-0.1297	0.7546	-9.5441	0.1113	-0.2397	1.1201	-0.1196	0.0204	5.7347	41	82
	0.00	0.00	12.68	0.30	-9.68	7.72	7.65	4.449460	-75.198562	2.00	-0.7690	0.8239	-9.6568	0.0556	-0.0209	0.7182	-0.1196	0.0193	5.7348	55	72
	0.00	0.00	12.77	0.39	-9.93	8.48	6.85	4.449459	-75.198562	2.00	-0.2097	0.9755	-9.5520	0.0166	-0.0664	1.4331	-0.1198	0.0208	5.7346	72	59
	0.00	0.00	12.87	1.04	-9.72	9.16	6.26	4.449459	-75.198562	2.00	-0.1245	0.9347	-9.4806	-0.1225	-0.2988	0.9443	-0.1193	0.0209	5.7344	87	44
	0.00	0.00	12.79	2.45	-8.74	9.72	6.07	4.449459	-75.198562	2.00	-0.1068	0.5949	-9.2511	-0.3735	-0.0771	1.1010	-0.1190	0.0215	5.7336	97	28
	0.00	0.00	12.77	4.06	-7.14	10.10	6.28	4.449459	-75.198562	2.00	-0.3362	0.7489	-9.3491	0.0390	-0.1264	0.9194	-0.1186	0.0223	5.7340	99	12
	0.00	0.00	12.91	5.50	-5.43	10.23	6.92	4.449459	-75.198562	2.00	-0.4159	0.9567	-9.7374	0.0019	0.1508	0.4653	-0.1184	0.0216	5.7342	92	0
	0.00	0.00	12.82	6.14	-4.00	10.05	7.90	4.449459	-75.198562	2.00	-0.4617	0.7636	-9.8052	0.0063	-0.3710	1.5571	-0.1187	0.0206	5.7343	77	-5
	0.00	0.00	12.98	5.62	-3.03	9.55	8.91	4.449459	-75.198562	2.00	-0.4004	0.9333	-9.5270	-0.0664	-0.1088	1.0356	-0.1195	0.0199	5.7343	59	-4
	0.00	0.00	12.82	4.25	-2.45	8.85	9.62	4.449459	-75.198562	2.00	-0.2790	0.8416	-9.5594	0.1489	-0.0366	0.7690	-0.1205	0.0197	5.7344	43	2
	0.00	0.00	13.00	2.32	-2.10	8.06	9.89	4.449459	-75.198562	2.00	0.0872	0.6477	-9.3423	0.0263	0.0112	0.7792	-0.1205	0.0199	5.7344	33	13
	0.00	0.00	12.79	0.56	-1.88	7.27	9.82	4.449459	-75.198562	2.00	-0.5946	0.6891	-9.6282	0.0214	-0.1718	1.0107	-0.1202	0.0188	5.7346	28	28
	0.00	0.00	12.90	-0.21	-2.26	6.45	9.45	4.449459	-75.198562	2.00	-0.2840	0.9497	-9.5687	-0.0107	-0.0659	0.6245	-0.1202	0.0201	5.7343	28	47
	0.00	0.00	12.64	-0.29	-3.44	5.66	8.84	4.449459	-75.198562	2.00	-0.1260	0.8445	-9.4846	0.2119	-0.3862	1.2724	-0.1203	0.0201	5.7342	34	69
	0.00	0.00	12.87	-0.53	-5.14	5.07	8.08	4.449459	-75.198562	2.00	-0.5669	0.8499	-9.6279	0.1562	-0.1694	0.7832	-0.1200	0.0196	5.7343	46	91
	0.00	0.00	12.72	-0.54	-7.71	5.02	7.25	4.449459	-75.198562	2.00	-0.7877	0.9904	-9.8382	0.1826	-0.0747	0.7485	-0.1199	0.0213	5.7342	61	100
	0.00	0.00	12.86	0.39	-10.61	5.66	6.53	4.449459	-75.198562	2.00	0.1981	0.9726	-9.2128	0.1054	-0.0776	0.9638	-0.1188	0.0254	5.7337	77	100
	0.00	0.00	12.77	2.08	-12.22	6.93	6.11	4.449459	-75.198562	2.00	0.2447	0.7546	-9.3681	0.3720	-0.2626	0.6289	-0.1175	0.0239	5.7338	90	93
	0.00	0.00	12.71	4.72	-11.93	8.55	6.06	4.449459	-75.198562	2.00	-0.4678	0.4929	-9.4203	0.0000	0.1582	0.7690	-0.1173	0.0217	5.7336	96	66
	0.00	0.00	12.76	7.88	-10.31	10.09	6.38	4.449460	-75.198562	2.00	0.0301	0.9196	-9.6551	0.0800	-0.1997	1.0986	-0.1181	0.0239	5.7338	95	33
	0.00	0.00	12.77	9.91	-8.15	11.15	7.10	4.449460	-75.198562	2.00	0.0183	0.7954	-9.5342	0.0844	-0.1582	1.4897	-0.1190	0.0226	5.7339	86	3
	0.00	0.00	12.77	10.17	-5.94	11.55	8.05	4.449460	-75.198562	2.00	-0.7303	0.9116	-9.7785	-0.0556	-0.1538	1.0395	-0.1195	0.0202	5.7341	72	-18
	0.00	0.00	12.82	9.25	-4.07	11.39	8.91	4.449460	-75.198562	2.00	-0.4743	0.8782	-9.6322	0.2929	-0.0825	0.9877	-0.1202	0.0205	5.7342	56	-30
	0.00	0.00	12.87	7.77	-3.09	10.86	9.45	4.449460	-75.198562	2.00	-0.2445	0.9041	-9.3841	0.0341	-0.2016	1.2138	-0.1201	0.0208	5.7343	43	-34
	0.00	0.00	12.83	5.83	-3.07	10.16	9.62	4.449460	-75.198562	2.00	-0.2026	0.8354	-9.6744	0.1791	-0.2182	0.8291	-0.1198	0.0206	5.7341	35	-32
	0.00	0.00	12.95	3.33	-3.20	9.39	9.47	4.449460	-75.198562	2.00	-0.7535	0.7474	-9.6099	0.0844	-0.1372	1.2114	-0.1200	0.0197	5.7345	34	-25
	0.00	0.00	12.77	1.05	-3.09	8.62	9.06	4.449460	-75.198562	2.00	-0.1529	1.0190	-9.4279	0.1132	-0.0102	0.7304	-0.1203	0.0211	5.7343	38	-16
	0.00	0.00	12.76	0.25	-2.93	7.95	8.44	4.449460	-75.198562	2.00	-0.4948	0.8362	-9.6031	0.1821	-0.0678	0.8813	-0.1202	0.0209	5.7342	46	-6
	0.00	0.00	12.77	0.53	-2.76	7.40	7.69	4.449460	-75.198562	2.00	-0.5497	0.7880	-9.6312	0.1137	-0.0903	0.6904	-0.1198	0.0204	5.7344	58	4
	0.00	0.00	12.94	0.62	-2.53	6.89	6.97	4.449460	-75.198562	2.00	-0.3018	0.8776	-9.5066	0.1269	-0.4130	1.2680	-0.1196	0.0211	5.7342	73	16
	0.00	0.00	12.80	1.06	-2.31	6.40	6.49	4.449460	-75.198562	2.00	-0.3126	0.8062	-9.5594	0.2006	-0.2480	1.4843	-0.1196	0.0209	5.7342	86	29
	0.00	0.00	12.76	2.78	-2.70	5.92	6.37	4.449460	-75.198562	2.00	-0.6476	1.4696	-9.6819	-0.1430	-0.0800	0.8867	-0.1198	0.0218	5.7338	93	45
	0.00	0.00	12.76	5.03	-3.78	5.49	6.62	4.449460	-75.198562	2.00	0.4428	0.4095	-9.5605	0.0029	-0.1132	1.1625	-0.1193	0.0238	5.7341	93	62
	0.00	0.00	12.79	6.72	-5.19	5.23	7.19	4.449460	-75.198562	2.00	-0.3937	0.8976	-9.6124	0.1674	-0.5668	0.8242	-0.1186	0.0227	5.7342	86	78
	0.00	0.00	12.84	7.45	-7.17	5.28	7.95	4.449460	-75.198562	2.00	-0.4065	0.7991	-9.6051	0.2255	-0.1606	0.3759	-0.1186	0.0227	5.7340	74	89
	0.00	0.00	12.62	6.96	-9.20	5.74	8.67	4.449460	-75.198562	2.00	-0.4122	0.7695	-9.5540	0.0439	0.2500	0.3686	-0.1194	0.0228	5.7343	61	93
	0.00	0.00	12.75	5.09	-10.65	6.53	9.15	4.449463	-75.198562	2.00	-0.0322	0.9598	-9.4776	0.2670	-0.2539	0.9335	-0.1194	0.0235	5.7341	51	87
	0.00	0.00	12.82	2.98	-11.18	7.53	9.32	4.449463	-75.198562	2.00	-0.3746	0.7433	-9.5616	0.1743	-0.0322	0.8364	-0.1197	0.0213	5.7345	45	74
	0.00	0.00	12.89	1.88	-10.62	8.56	9.20	4.449463	-75.198562	2.00	-0.1979	0.7669	-9.6927	-0.0468	-0.1113	1.1752	-0.1203	0.0205	5.7346	42	56
	0.00	0.00	12.89	1.38	-9.25	9.39	8.90	4.449463	-75.198562	2.00	-0.3489	0.9470	-9.5317	0.1020	0.0170	1.0180	-0.1208	0.0213	5.7346	44	37
	0.00	0.00	12.73	0.65	-7.30	9.88	8.47	4.449463	-75.198562	2.00	-0.0839	0.9098	-9.4495	0.0966	-0.0283	0.6840	-0.1204	0.0216	5.7346	49	21
	0.00	0.00	12.86	-0.18	-5.26	10.06	7.94	4.449463	-75.198562	2.00	-0.5710	0.8093	-9.7597	0.0170	-0.0449	0.8798	-0.1198	0.0207	5.7346	58	8
	0.00	0.00	12.95	-0.17	-3.66	9.98	7.40	4.449463	-75.198562	2.00	-0.2318	0.8265	-9.6047	0.1513	-0.1494	1.1743	-0.1194	0.0216	5.7345	69	1
	0.00	0.00	12.71	0.73	-2.60	9.66	6.93	4.449463	-75.198562	2.00	-0.0136	0.9728	-9.4878	0.0029	-0.1518	0.9804	-0.1196	0.0218	5.7344	79	-1
	0.00	0.00	12.72	1.48	-2.04	9.16	6.69	4.449463	-75.198562	2.00	-0.6461	0.9008	-9.6575	0.0478	-0.0107	1.3198	-0.1199	0.0206	5.7346	88	1
	0.00	0.00	12.76	2.24	-1.82	8.57	6.79	4.449463	-75.198562	2.00	-0.3344	1.0021	-9.5141	0.0434	-0.2192	1.0556	-0.1199	0.0216	5.7344	90	8
	0.00	0.00	12.90	3.52	-1.78	7.91	7.17	4.449463	-75.198562	2.00	-0.0137	0.9207	-9.3429	0.2524	0.0849	0.7001	-0.1195	0.0225	5.7341	87	18
	0.00	0.00	12.79	4.40	-2.05	7.20	7.74	4.449463	-75.198562	2.00	-0.2348	0.7905	-9.6780	-0.0126	-0.0249	0.8144	-0.1189	0.0215	5.7343	78	32
	0.00	0.00	12.66	4.35	-2.59	6.49	8.36	4.449463	-75.198562	2.00	-0.5475	0.8215	-9.6236	0.3437	-0.3647	0.5727	-0.1195	0.0213	5.7343	68	49
	0.00	0.00	12.90	4.34	-2.96	5.88	8.86	4.449463	-75.198562	2.00	-0.3080	0.9440	-9.6132	-0.0053	0.1220	1.2192	-0.1201	0.0221	5.7342	57	67
	0.00	0.00	12.87	4.47	-3.44	5.53	9.11	4.449463	-75.198562	2.00	-0.2772	0.8895	-9.6282	0.0205	-0.0537	0.5527	-0.1202	0.0220	5.7343	48	82
	0.00	0.00	12.94	3.81	-4.20	5.58	9.11	4.449463	-75.198562	2.00	-0.3664	0.7850	-9.4815	0.1254	-0.0019	1.1210	-0.1198	0.0219	5.7343	44	92
	0.00	0.00	12.72	2.28	-5.18	6.04	8.92	4.449461	-75.198554	2.00	-0.8337	0.7680	-9.6904	0.2265	-0.0229	0.8090	-0.1194	0.0224	5.7343	45	93
	0.00	0.00	12.93	1.04	-6.63	6.80	8.58	4.449461	-75.198554	2.00	-0.1684	0.7335	-9.4946	0.0546	-0.0986	1.0556	-0.1195	0.0232	5.7340	49	87
	0.00	0.00	12.71	0.98	-7.74	7.77	8.09	4.449461	-75.198554	2.00	-0.4604	0.8633	-9.5758	0.1127	0.0380	0.7436	-0.1196	0.0214	5.7340	56	74
	0.00	0.00	12.93	1.27	-7.67	8.79	7.51	4.449461	-75.198554	2.00	-0.5319	0.8911	-9.6941	0.2910	-0.1962	0.9321	-0.1197	0.0216	5.7339	66	55
	0.00	0.00	12.76	1.52	-6.61	9.66	7.04	4.449461	-75.198554	2.00	-0.1069	0.8848	-9.4672	0.1733	-0.1577	0.6752	-0.1196	0.0222	5.7338	77	35
	0.00	0.00	12.84	2.75	-5.10	10.26	6.81	4.449461	-75.198554	2.00	-0.6678	0.8294	-9.6922	0.0268	-0.3417	1.3530	-0.1192	0.0216	5.7338	84	16
	0.00	0.00	12.79	4.53	-3.68	10.57	6.86	4.449461	-75.198554	2.00	-0.3316	0.9116	-9.5459	0.2358	-0.3334	0.8149	-0.1191	0.0221	5.7338	87	0
	0.00	0.00	12.89	5.21	-2.65	10.61	7.14	4.449461	-75.198554	2.00	-0.0297	0.8066	-9.2432	0.0014	0.0214	0.6455	-0.1194	0.0225	5.7336	85	-11
	0.00	0.00	12.94	4.98	-2.03	10.36	7.59	4.449461	-75.198554	2.00	-0.2221	0.7436	-9.5329	0.1518	-0.1728	0.9663	-0.1196	0.0211	5.7339	80	-16
	0.00	0.00	12.76	5.11	-1.70	9.81	8.12	4.449461	-75.198554	2.00	-0.4536	0.9205	-9.7904	0.0122	-0.2319	1.4760	-0.1201	0.0217	5.7337	72	-15
	0.00	0.00	12.86	5.13	-1.59	9.01	8.57	4.449461	-75.198554	2.00	-0.0634	0.9613	-9.5300	0.0048	-0.0361	0.8813	-0.1202	0.0222	5.7337	63	-7
	0.00	0.00	12.89	4.03	-1.63	8.07	8.86	4.449461	-75.198554	2.00	-0.5499	0.6152	-9.7294	0.1748	-0.2846	1.0273	-0.1200	0.0212	5.7338	56	6
	0.00	0.00	12.95	2.62	-1.74	7.10	8.95	4.449461	-75.198554	2.00	-0.4123	0.8660	-9.5384	0.0996	-0.1821	1.1791	-0.1202	0.0203	5.7338	52	24
	0.00	0.00	12.84	2.12	-1.95	6.16	8.85	4.449461	-75.198554	2.00	-0.2795	0.9809	-9.6647	0.1796	-0.0937	0.8090	-0.1205	0.0216	5.7335	50	46
	0.00	0.00	12.93	2.11	-2.79	5.31	8.62	4.449461	-75.198554	2.00	-0.4652	0.8668	-9.6622	0.0888	-0.0292	0.8383	-0.1204	0.0212	5.7336	51	70
	0.00	0.00	12.69	1.60	-4.28	4.78	8.30	4.449461	-75.198554	2.00	-0.3306	0.9570	-9.5165	-0.0527	0.0878	1.0708	-0.1201	0.0219	5.7335	55	92
	0.00	0.00	12.75	0.71	-6.33	4.79	7.92	4.449467	-75.198554	2.00	-0.4797	0.9137	-9.6550	0.0917	-0.3076	1.0141	-0.1195	0.0228	5.7333	62	100
	0.00	0.00	12.72	0.32	-9.30	5.43	7.53	4.449467	-75.198554	2.00	0.6237	0.8507	-9.0452	-0.0419	0.0224	1.0249	-0.1185	0.0261	5.7329	70	100
	0.00	0.00	12.71	0.58	-11.85	6.66	7.24	4.449467	-75.198554	2.00	-0.5750	0.7226	-9.6794	0.1811	-0.0317	0.7939	-0.1176	0.0222	5.7335	77	97
	0.00	0.00	12.64	1.11	-12.35	8.28	7.13	4.449467	-75.198554	2.00	-0.6736	0.6544	-9.6645	0.0883	-0.0590	0.9785	-0.1182	0.0215	5.7337	82	71
	0.00	0.00	12.86	2.24	-11.10	9.89	7.25	4.449467	-75.198554	2.00	-0.3531	0.9479	-9.6042	0.1640	-0.0161	0.6723	-0.1201	0.0227	5.7335	82	38
	0.00	0.00	12.69	3.73	-9.15	11.07	7.52	4.449467	-75.198554	2.00	0.0759	1.0553	-9.3838	0.1796	-0.2226	1.1123	-0.1202	0.0227	5.7336	79	7
	0.00	0.00	12.90	4.26	-7.15	11.60	7.83	4.449467	-75.198554	2.00	-0.4962	0.8681	-9.6145	0.1210	-0.3520	1.4931	-0.1194	0.0215	5.7338	74	-16
	0.00	0.00	12.76	3.89	-5.29	11.50	8.15	4.449467	-75.198554	2.00	-0.4800	0.7518	-9.7463	0.1098	-0.0170	1.1499	-0.1194	0.0212	5.7338	69	-29
	0.00	0.00	12.75	3.96	-3.82	10.93	8.44	4.449467	-75.198554	2.00	-0.4489	0.8149	-9.6529	0.1005	-0.0122	0.4653	-0.1199	0.0218	5.7337	63	-33
	0.00	0.00	12.87	4.41	-3.20	10.15	8.62	4.449467	-75.198554	2.00	-0.1935	0.8156	-9.4925	0.0131	0.0380	1.2138	-0.1204	0.0219	5.7336	58	-30
	0.00	0.00	12.84	4.18	-3.77	9.35	8.65	4.449467	-75.198554	2.00	-0.2894	0.9501	-9.5022	0.0083	-0.1826	1.2368	-0.1205	0.0222	5.7338	55	-23
	0.00	0.00	12.87	3.09	-4.70	8.63	8.52	4.449467	-75.198554	2.00	-0.3815	0.8602	-9.5391	0.0771	-0.2099	1.2934	-0.1202	0.0216	5.7339	56	-14
	0.00	0.00	12.83	2.00	-4.87	8.03	8.30	4.449467	-75.198554	2.00	-0.2072	0.8745	-9.4894	0.2885	-0.3237	0.7827	-0.1197	0.0220	5.7336	58	-4
	0.00	0.00	12.91	1.77	-4.35	7.54	8.05	4.449467	-75.198554	2.00	-0.3763	0.7556	-9.6908	0.2978	-0.2319	0.9824	-0.1196	0.0215	5.7337	62	3
	0.00	0.00	12.71	1.78	-3.63	7.10	7.81	4.449467	-75.198554	2.00	-0.2880	0.8512	-9.5503	0.1342	-0.0839	1.0307	-0.1199	0.0217	5.7337	67	13
	0.00	0.00	12.93	1.70	-2.99	6.65	7.60	4.449467	-75.198554	2.00	-0.3213	0.8555	-9.5604	0.1010	0.0458	0.8676	-0.1197	0.0217	5.7337	71	25
	0.00	0.00	12.75	2.28	-2.49	6.16	7.48	4.449467	-75.198554	2.00	-0.3430	0.8611	-9.6587	0.0917	-0.0170	0.7929	-0.1195	0.0216	5.7336	75	39
	0.00	0.00	12.83	3.15	-2.73	5.66	7.52	4.449476	-75.198562	2.00	-0.3045	0.8220	-9.6378	0.2817	-0.2666	0.9746	-0.1195	0.0221	5.7336	76	56
	0.00	0.00	12.80	3.80	-3.86	5.32	7.70	4.449476	-75.198562	2.00	-0.2731	0.8535	-9.4992	0.1040	-0.3896	1.3789	-0.1195	0.0222	5.7336	73	72
	0.00	0.00	12.73	4.42	-4.54	5.27	7.94	4.449476	-75.198562	2.00	-0.3586	0.8490	-9.6164	0.2768	-0.3955	1.0415	-0.1196	0.0229	5.7336	70	84
	0.00	0.00	12.76	4.70	-5.15	5.60	8.11	4.449476	-75.198562	2.00	-0.1935	0.8940	-9.3769	-0.0698	0.1499	1.0361	-0.1196	0.0229	5.7337	66	89
	0.00	0.00	12.72	4.49	-6.89	6.22	8.18	4.449476	-75.198562	2.00	0.0006	0.6918	-9.4457	0.1235	-0.1586	0.9257	-0.1192	0.0234	5.7337	65	88
	0.00	0.00	12.65	3.77	-8.27	7.00	8.17	4.449476	-75.198562	2.00	-0.6278	0.7179	-9.6801	0.2353	-0.2900	0.7094	-0.1193	0.0224	5.7337	65	81
	0.00	0.00	12.79	2.69	-8.06	7.86	8.11	4.449476	-75.198562	2.00	-0.2970	0.9299	-9.6282	0.2680	-0.0405	0.7919	-0.1204	0.0226	5.7336	66	68
	0.00	0.00	12.66	2.14	-7.16	8.69	8.03	4.449476	-75.198562	2.00	-0.1168	0.9833	-9.4431	-0.0200	-0.0253	1.1049	-0.1205	0.0231	5.7336	68	52
	0.00	0.00	12.73	2.39	-6.51	9.39	7.94	4.449476	-75.198562	2.00	-0.5462	0.8859	-9.6242	0.2167	0.0073	0.9218	-0.1197	0.0219	5.7335	69	36
	0.00	0.00	12.87	2.81	-5.99	9.88	7.90	4.449476	-75.198562	2.00	-0.4244	0.7431	-9.5905	0.1679	-0.1054	0.8378	-0.1195	0.0221	5.7335	70	21
	0.00	0.00	12.82	2.72	-5.11	10.11	7.91	4.449476	-75.198562	2.00	-0.2540	0.7776	-9.5674	0.1049	-0.0927	0.7202	-0.1198	0.0223	5.7335	70	8
	0.00	0.00	12.86	2.23	-4.02	10.05	7.96	4.449476	-75.198562	2.00	-0.5204	0.8955	-9.6335	0.1147	-0.1513	1.2333	-0.1200	0.0219	5.7336	70	0
	0.00	0.00	12.90	1.76	-3.11	9.73	8.03	4.449476	-75.198562	2.00	-0.3601	0.8620	-9.6199	0.2250	-0.1899	1.0327	-0.1204	0.0220	5.7336	69	-1
	0.00	0.00	12.73	0.99	-2.48	9.23	8.11	4.449476	-75.198562	2.00	-0.2844	0.6419	-9.3693	0.0590	0.1752	0.7724	-0.1204	0.0217	5.7335	68	0
	0.00	0.00	12.86	0.18	-2.14	8.59	8.19	4.449476	-75.198562	2.00	-0.3239	0.8345	-9.5915	0.0473	0.0742	0.7485	-0.1202	0.0219	5.7334	66	7
	0.00	0.00	12.82	0.26	-2.02	7.84	8.24	4.449476	-75.198562	2.00	-0.1832	0.8876	-9.6031	0.1923	-0.0327	0.9877	-0.1202	0.0223	5.7334	65	19
	0.00	0.00	12.69	0.76	-2.30	7.03	8.25	4.449476	-75.198562	2.00	-0.4180	0.8892	-9.5456	-0.0483	-0.0483	1.0688	-0.1202	0.0217	5.7334	63	36
	0.00	0.00	12.83	0.62	-3.19	6.25	8.21	4.449470	-75.198554	2.00	-0.4653	0.9157	-9.6051	0.1542	-0.2412	0.9741	-0.1207	0.0227	5.7332	63	55
	0.00	0.00	12.58	0.39	-4.53	5.60	8.12	4.449470	-75.198554	2.00	-0.1043	0.8181	-9.5150	0.0385	0.0185	1.0849	-0.1207	0.0230	5.7332	64	75
	0.00	0.00	12.80	1.19	-6.47	5.21	7.99	4.449470	-75.198554	2.00	-0.5535	0.7062	-9.6560	0.0986	-0.0424	0.6425	-0.1203	0.0225	5.7332	66	93
	0.00	0.00	12.64	2.22	-9.26	5.26	7.88	4.449470	-75.198554	2.00	-0.6382	0.8130	-9.7197	0.1298	-0.2587	0.8437	-0.1203	0.0229	5.7331	67	100
	0.00	0.00	12.72	2.13	-12.10	5.81	7.79	4.449470	-75.198554	2.00	0.4394	1.0716	-9.1991	0.1040	0.2172	0.6284	-0.1196	0.0265	5.7328	69	100
	0.00	0.00	12.73	1.61	-13.63	6.84	7.74	4.449470	-75.198554	2.00	-0.4146	0.6468	-9.6578	0.0205	-0.2016	1.4931	-0.1192	0.0251	5.7330	71	98
	0.00	0.00	12.76	2.00	-13.27	8.22	7.74	4.449470	-75.198554	2.00	-0.7847	0.5640	-9.7117	0.1386	-0.0283	0.5815	-0.1194	0.0219	5.7334	72	76
	0.00	0.00	12.80	2.67	-11.41	9.63	7.80	4.449470	-75.198554	2.00	-0.1253	0.9815	-9.4997	0.0273	-0.2534	1.0063	-0.1198	0.0225	5.7333	71	46
	0.00	0.00	12.68	2.35	-8.91	10.77	7.90	4.449470	-75.198554	2.00	-0.1535	0.9205	-9.5350	0.0634	-0.2294	1.4916	-0.1203	0.0224	5.7335	71	16
	0.00	0.00	12.80	1.63	-6.46	11.45	8.03	4.449470	-75.198554	2.00	-0.6037	0.8041	-9.6888	-0.1030	0.0131	0.9506	-0.1202	0.0217	5.7337	69	-8
	0.00	0.00	12.80	1.46	-4.48	11.59	8.15	4.449470	-75.198554	2.00	-0.4527	0.8425	-9.6226	0.0761	0.0620	0.7797	-0.1200	0.0220	5.7337	67	-26
	0.00	0.00	12.76	1.28	-3.33	11.30	8.23	4.449470	-75.198554	2.00	-0.2770	0.8087	-9.3550	0.1694	-0.1684	0.9931	-0.1200	0.0218	5.7337	65	-35
	0.00	0.00	12.84	1.12	-3.02	10.71	8.26	4.449470	-75.198554	2.00	-0.6825	0.9707	-9.9746	0.0585	-0.3237	0.8525	-0.1203	0.0216	5.7337	63	-37
	0.00	0.00	12.91	2.00	-2.92	9.93	8.22	4.449470	-75.198554	2.00	-0.3094	0.9527	-9.5881	-0.1196	-0.0512	1.1733	-0.1208	0.0228	5.7335	62	-33
	0.00	0.00	12.68	3.09	-2.98	9.09	8.12	4.449470	-75.198554	2.00	-0.3280	0.8416	-9.6798	0.1259	-0.0263	0.8291	-0.1208	0.0227	5.7335	63	-24
	0.00	0.00	12.79	2.95	-3.64	8.35	7.98	4.449470	-75.198554	2.00	-0.4147	0.7926	-9.6957	0.1455	0.0913	0.3896	-0.1205	0.0224	5.7337	65	-14
	0.00	0.00	12.83	2.55	-4.37	7.80	7.85	4.449470	-75.198554	2.00	-0.1089	0.8875	-9.5234	0.1142	-0.2495	0.8603	-0.1205	0.0229	5.7335	68	-4
	0.00	0.00	12.90	3.26	-4.39	7.37	7.75	4.449477	-75.198554	2.00	-0.2298	0.9154	-9.5448	0.1508	-0.1499	1.1362	-0.1206	0.0219	5.7336	70	4
	0.00	0.00	12.65	4.31	-3.86	6.98	7.70	4.449477	-75.198554	2.00	-0.6214	0.7898	-9.6281	-0.0156	-0.2851	1.3852	-0.1204	0.0216	5.7337	71	13
	0.00	0.00	12.72	4.26	-3.30	6.58	7.72	4.449477	-75.198554	2.00	-0.1305	0.9257	-9.5818	0.1035	-0.1274	1.0000	-0.1204	0.0227	5.7333	72	25
	0.00	0.00	12.83	3.44	-2.93	6.13	7.81	4.449477	-75.198554	2.00	-0.3519	0.8735	-9.5868	0.0581	-0.1367	1.4497	-0.1203	0.0226	5.7333	72	38
	0.00	0.00	12.73	3.31	-2.61	5.64	7.94	4.449477	-75.198554	2.00	-0.4005	0.7689	-9.5264	-0.0561	-0.1494	1.0009	-0.1199	0.0224	5.7332	70	55
	0.00	0.00	12.83	3.58	-2.82	5.26	8.08	4.449477	-75.198554	2.00	-0.2485	0.8186	-9.5932	0.2568	-0.5517	1.4365	-0.1202	0.0227	5.7331	68	72
	0.00	0.00	12.73	3.10	-4.40	5.22	8.19	4.449477	-75.198554	2.00	-0.7004	0.9635	-9.7430	0.2573	-0.0419	0.8632	-0.1204	0.0224	5.7331	65	84
	0.00	0.00	12.86	2.55	-7.17	5.58	8.24	4.449477	-75.198554	2.00	-0.0637	0.8337	-9.3359	-0.0761	-0.3510	1.4960	-0.1204	0.0235	5.7327	64	90
	0.00	0.00	12.57	3.04	-10.12	6.20	8.23	4.449477	-75.198554	2.00	-0.0418	0.8165	-9.3207	0.2172	-0.1318	0.4643	-0.1198	0.0240	5.7328	63	90
	0.00	0.00	12.87	4.03	-12.00	6.97	8.17	4.449477	-75.198554	2.00	-0.4554	0.7780	-9.6411	0.1596	0.1538	0.2807	-0.1198	0.0225	5.7330	63	84
	0.00	0.00	12.79	4.81	-12.41	7.84	8.06	4.449477	-75.198554	2.00	-0.5332	0.7078	-9.5592	-0.0654	-0.2031	1.0273	-0.1203	0.0223	5.7329	63	72
	0.00	0.00	12.69	5.72	-11.74	8.69	7.90	4.449477	-75.198554	2.00	-0.1762	0.9274	-9.4719	0.1245	-0.2666	1.2934	-0.1212	0.0230	5.7329	66	55
	0.00	0.00	12.83	6.51	-10.30	9.39	7.75	4.449477	-75.198554	2.00	-0.3013	0.8807	-9.7063	-0.0249	0.0375	1.1323	-0.1210	0.0228	5.7330	68	38
	0.00	0.00	12.66	6.37	-8.76	9.87	7.67	4.449477	-75.198554	2.00	-0.3090	0.7513	-9.4746	0.0019	-0.0473	0.8911	-0.1203	0.0226	5.7329	71	22
	0.00	0.00	12.79	5.74	-7.35	10.05	7.66	4.449477	-75.198554	2.00	-0.3126	0.8623	-9.6466	0.0200	-0.1166	1.1806	-0.1202	0.0227	5.7330	73	11
	0.00	0.00	12.73	5.85	-5.80	9.92	7.72	4.449477	-75.198554	2.00	-0.3218	0.7668	-9.5262	0.1220	-0.0937	0.7680	-0.1206	0.0224	5.7328	73	4
	0.00	0.00	12.73	6.35	-4.28	9.53	7.84	4.449480	-75.198554	2.00	-0.4012	0.9381	-9.5960	0.0498	-0.0610	0.9877	-0.1209	0.0221	5.7326	71	3
	0.00	0.00	12.98	6.19	-3.08	9.01	8.01	4.449480	-75.198554	2.00	-0.4056	0.8089	-9.5678	0.0830	-0.0737	0.5004	-0.1207	0.0219	5.7326	69	6
	0.00	0.00	12.77	5.85	-2.32	8.42	8.18	4.449480	-75.198554	2.00	-0.2619	0.7862	-9.5428	-0.0581	-0.1997	1.2416	-0.1205	0.0225	5.7326	66	13
	0.00	0.00	12.77	6.25	-1.95	7.75	8.30	4.449480	-75.198554	2.00	-0.2437	0.9187	-9.6355	0.0395	-0.0327	0.7084	-0.1207	0.0224	5.7326	63	23
	0.00	0.00	12.79	6.92	-1.86	7.02	8.34	4.449480	-75.198554	2.00	-0.5070	0.9857	-9.6429	-0.0629	-0.0410	0.9873	-0.1208	0.0219	5.7326	60	38
	0.00	0.00	12.77	6.81	-2.48	6.32	8.29	4.449480	-75.198554	2.00	-0.3539	0.9119	-9.6710	0.0078	0.0239	1.0087	-0.1212	0.0225	5.7327	60	56
	0.00	0.00	12.87	5.84	-3.93	5.72	8.19	4.449480	-75.198554	2.00	-0.2546	0.8362	-9.4744	0.0551	0.2231	0.7905	-0.1210	0.0229	5.7327	61	75
	0.00	0.00	12.58	4.77	-5.33	5.37	8.06	4.449480	-75.198554	2.00	-0.4791	0.8671	-9.5408	0.1030	-0.0751	0.6679	-0.1208	0.0231	5.7327	64	92
	0.00	0.00	12.80	4.10	-6.86	5.45	7.87	4.449480	-75.198554	2.00	-0.3172	0.7986	-9.5246	0.0483	-0.1767	0.7714	-0.1206	0.0238	5.7327	68	100
	0.00	0.00	12.66	3.60	-9.02	6.02	7.67	4.449480	-75.198554	2.00	0.0211	0.7639	-9.3026	-0.0327	-0.1840	1.1318	-0.1202	0.0247	5.7326	72	100
	0.00	0.00	12.83	3.28	-10.87	7.01	7.53	4.449480	-75.198554	2.00	-0.0951	0.8203	-9.5620	0.1513	-0.1333	0.9765	-0.1200	0.0238	5.7327	77	93
	0.00	0.00	12.82	3.45	-11.18	8.31	7.51	4.449480	-75.198554	2.00	-0.5816	0.7770	-9.5529	0.1166	-0.4614	1.1523	-0.1202	0.0224	5.7329	79	72
	0.00	0.00	12.82	3.88	-10.12	9.62	7.62	4.449480	-75.198554	2.00	-0.2014	0.9259	-9.5237	0.0341	-0.1083	1.0000	-0.1208	0.0232	5.7328	78	45
	0.00	0.00	12.66	4.16	-8.44	10.59	7.85	4.449480	-75.198554	2.00	-0.2260	1.0074	-9.5868	0.1391	0.0937	0.7177	-0.1208	0.0232	5.7328	75	19
	0.00	0.00	12.93	4.28	-6.46	11.12	8.13	4.449480	-75.198554	2.00	-0.5192	0.7804	-9.6371	-0.0209	-0.0258	0.7172	-0.1205	0.0222	5.7328	70	-2
	0.00	0.00	12.90	4.49	-4.63	11.19	8.38	4.449480	-75.198554	2.00	-0.2218	0.8002	-9.5785	-0.0986	0.1215	0.4614	-0.1207	0.0227	5.7327	65	-17
	0.00	0.00	12.93	4.74	-3.30	10.86	8.51	4.449480	-75.198554	2.00	-0.4754	1.0412	-9.7718	0.1899	-0.1171	0.8041	-0.1209	0.0222	5.7328	61	-24
	0.00	0.00	12.91	4.48	-2.42	10.27	8.52	4.449482	-75.198554	2.00	-0.5141	0.8372	-9.6695	-0.0014	-0.1733	1.1684	-0.1213	0.0219	5.7327	59	-25
	0.00	0.00	12.80	3.24	-1.89	9.52	8.40	4.449482	-75.198554	2.00	-0.1774	0.9368	-9.5074	0.1787	0.0791	0.6479	-0.1214	0.0228	5.7326	60	-20
	0.00	0.00	12.93	1.88	-1.64	8.69	8.22	4.449482	-75.198554	2.00	-0.3098	0.7500	-9.5820	0.0839	0.0732	0.7656	-0.1213	0.0223	5.7326	63	-10
	0.00	0.00	12.83	1.67	-1.59	7.87	8.05	4.449482	-75.198554	2.00	-0.3514	0.8461	-9.5717	0.0800	-0.1972	1.2133	-0.1212	0.0225	5.7326	65	2
	0.00	0.00	12.77	2.16	-1.69	7.13	7.88	4.449482	-75.198554	2.00	0.0088	0.9059	-9.4397	0.0146	0.0151	0.9506	-0.1213	0.0238	5.7324	68	17
	0.00	0.00	12.76	2.15	-1.91	6.46	7.71	4.449482	-75.198554	2.00	-0.2370	0.9903	-9.6132	0.1147	-0.0961	0.8686	-0.1212	0.0227	5.7325	72	33
	0.00	0.00	12.84	2.04	-2.15	5.84	7.62	4.449482	-75.198554	2.00	-0.6355	0.7589	-9.7759	-0.0537	0.1406	0.9550	-0.1211	0.0225	5.7326	75	51
	0.00	0.00	12.68	2.21	-2.38	5.33	7.62	4.449482	-75.198554	2.00	-0.1394	1.0251	-9.5223	0.1088	-0.1870	0.5449	-0.1210	0.0236	5.7324	76	70
	0.00	0.00	12.86	1.83	-2.56	5.07	7.72	4.449482	-75.198554	2.00	-0.3073	0.8119	-9.5400	-0.0517	0.1499	0.7016	-0.1204	0.0234	5.7326	76	85
	0.00	0.00	12.72	1.31	-3.59	5.22	7.91	4.449482	-75.198554	2.00	-0.8971	0.9601	-9.8914	0.0488	0.1337	0.6845	-0.1203	0.0230	5.7325	74	94
	0.00	0.00	12.73	1.72	-6.31	5.80	8.14	4.449482	-75.198554	2.00	0.3818	0.7911	-9.2883	-0.0092	-0.1381	0.9179	-0.1197	0.0261	5.7323	69	96
	0.00	0.00	12.72	2.29	-9.00	6.80	8.33	4.449482	-75.198554	2.00	-0.4513	0.7795	-9.6187	0.2080	-0.3041	0.8061	-0.1197	0.0235	5.7326	65	88
	0.00	0.00	12.77	1.92	-9.72	8.13	8.43	4.449482	-75.198554	2.00	-0.6055	0.8000	-9.7526	0.1215	-0.0971	0.9736	-0.1207	0.0228	5.7327	62	68
	0.00	0.00	12.79	1.34	-8.87	9.42	8.42	4.449482	-75.198554	2.00	-0.1043	1.0025	-9.4164	0.0424	0.0595	0.7231	-0.1215	0.0235	5.7327	61	42
	0.00	0.00	12.95	1.80	-7.58	10.28	8.31	4.449482	-75.198554	2.00	-0.3439	1.0025	-9.6798	0.0903	-0.2143	1.2265	-0.1214	0.0226	5.7327	61	19
	0.00	0.00	12.82	2.55	-6.21	10.60	8.16	4.449482	-75.198554	2.00	-0.4595	0.7982	-9.5845	-0.0131	-0.0043	1.2983	-0.1209	0.0227	5.7327	62	3
	0.00	0.00	12.61	2.19	-4.92	10.40	8.00	4.449482	-75.198554	2.00	-0.0989	0.6650	-9.3151	0.5029	0.1704	0.3032	-0.1211	0.0229	5.7328	65	-4
	0.00	0.00	12.89	1.70	-3.83	9.89	7.83	4.449482	-75.198554	2.00	-0.3289	1.0395	-9.7936	0.0356	0.0170	1.4853	-0.1211	0.0235	5.7329	68	-4
	0.00	0.00	12.84	2.57	-2.98	9.27	7.66	4.449482	-75.198554	2.00	-0.4881	0.8961	-9.4639	0.2001	-0.0488	0.2812	-0.1213	0.0228	5.7328	72	0
	0.00	0.00	12.69	3.64	-2.47	8.63	7.57	4.449482	-75.198554	2.00	-0.2001	1.0173	-9.7013	-0.0327	-0.0874	0.9995	-0.1214	0.0232	5.7327	74	6
	0.00	0.00	12.82	3.28	-2.32	7.96	7.60	4.449482	-75.198554	2.00	-0.4559	0.8507	-9.5328	0.1435	-0.3061	1.2084	-0.1209	0.0227	5.7328	75	16
	0.00	0.00	12.71	2.33	-2.42	7.29	7.73	4.449482	-75.198554	2.00	-0.3613	0.8348	-9.6157	0.0327	-0.0771	1.1259	-0.1206	0.0232	5.7328	75	29
	0.00	0.00	12.68	2.38	-2.56	6.63	7.94	4.449482	-75.198554	2.00	-0.2239	0.9181	-9.5882	0.1196	-0.2382	1.0419	-0.1208	0.0234	5.7329	72	45
	0.00	0.00	12.83	2.88	-2.93	6.06	8.15	4.449482	-75.198554	2.00	-0.4970	0.9020	-9.5797	0.1440	-0.3027	0.7280	-0.1208	0.0232	5.7329	68	61
	0.00	0.00	12.76	3.05	-4.00	5.72	8.31	4.449482	-75.198554	2.00	-0.3210	0.8309	-9.5817	0.0161	-0.1860	1.1865	-0.1210	0.0237	5.7327	64	76
	0.00	0.00	12.76	3.78	-5.63	5.72	8.39	4.449482	-75.198554	2.00	-0.2960	0.9275	-9.5699	0.2441	-0.2143	0.8623	-0.1210	0.0237	5.7327	61	86
	0.00	0.00	12.51	4.77	-7.70	6.13	8.36	4.449482	-75.198554	2.00	-0.7951	0.8774	-9.8296	0.0693	-0.1660	1.6748	-0.1209	0.0238	5.7327	59	89
	0.00	0.00	12.80	4.51	-9.63	6.82	8.23	4.449482	-75.198554	2.00	0.1276	0.8914	-9.4624	0.0366	-0.0361	1.0771	-0.1209	0.0248	5.7327	60	84
	0.00	0.00	12.55	3.30	-10.34	7.61	8.06	4.449482	-75.198554	2.00	-0.3948	0.7808	-9.5243	0.2548	-0.3051	0.8120	-0.1210	0.0230	5.7328	64	74
	0.00	0.00	12.87	2.73	-9.82	8.41	7.89	4.449482	-75.198554	2.00	-0.5744	0.8528	-9.7884	0.0859	-0.1196	0.8906	-0.1217	0.0231	5.7327	67	60
	0.00	0.00	12.84	3.07	-8.87	9.14	7.73	4.449482	-75.198554	2.00	0.1210	1.1183	-9.3091	-0.0839	-0.0161	0.8867	-0.1218	0.0249	5.7326	70	44
	0.00	0.00	12.65	3.06	-7.81	9.68	7.58	4.449482	-75.198554	2.00	-0.3736	0.7925	-9.5666	0.2192	-0.2045	0.5185	-0.1213	0.0233	5.7326	74	28
	0.00	0.00	12.75	2.77	-6.64	9.96	7.51	4.449482	-75.198554	2.00	-0.5842	0.7885	-9.7497	0.1005	0.0507	0.6909	-0.1209	0.0230	5.7326	77	15
	0.00	0.00	12.77	3.41	-5.30	9.98	7.57	4.449487	-75.198554	2.00	-0.1113	0.8933	-9.4445	-0.0434	0.0454	0.8315	-0.1210	0.0236	5.7326	78	6
	0.00	0.00	12.71	4.44	-4.02	9.76	7.75	4.449487	-75.198554	2.00	-0.3539	0.8832	-9.5468	0.0532	-0.2836	1.2807	-0.1212	0.0230	5.7327	75	2
	0.00	0.00	12.82	4.48	-2.99	9.33	8.01	4.449487	-75.198554	2.00	-0.4923	0.9849	-9.6706	0.1020	-0.1479	0.9658	-0.1213	0.0228	5.7325	71	2
	0.00	0.00	12.68	3.91	-2.27	8.76	8.25	4.449487	-75.198554	2.00	-0.2747	0.7936	-9.5618	0.0693	-0.4204	1.3720	-0.1213	0.0230	5.7326	67	8
	0.00	0.00	12.80	4.07	-1.85	8.13	8.41	4.449487	-75.198554	2.00	-0.2690	0.8465	-9.4975	0.0332	0.0058	0.9628	-0.1210	0.0233	5.7326	63	16
	0.00	0.00	12.71	4.70	-1.65	7.46	8.45	4.449487	-75.198554	2.00	-0.2645	0.7975	-9.5939	0.0317	0.1972	0.6347	-0.1214	0.0230	5.7325	60	29
	0.00	0.00	12.79	4.43	-1.80	6.73	8.38	4.449487	-75.198554	2.00	-0.5067	0.8598	-9.5989	0.2441	-0.2128	0.8105	-0.1217	0.0229	5.7325	60	45
	0.00	0.00	12.71	3.30	-2.29	6.03	8.24	4.449487	-75.198554	2.00	-0.2357	0.8646	-9.4460	0.1318	-0.2666	0.9584	-0.1217	0.0236	5.7325	62	63
	0.00	0.00	12.76	2.49	-3.48	5.49	8.08	4.449487	-75.198554	2.00	-0.3511	0.8984	-9.6157	0.0795	-0.0336	0.6474	-0.1216	0.0241	5.7325	64	82
	0.00	0.00	12.83	2.18	-5.96	5.30	7.95	4.449487	-75.198554	2.00	-0.3628	0.8236	-9.5553	-0.0083	-0.2817	0.9702	-0.1214	0.0244	5.7324	67	98
	0.00	0.00	12.64	2.19	-9.26	5.60	7.84	4.449487	-75.198554	2.00	-0.6905	1.1297	-9.7960	0.3100	0.0405	0.3627	-0.1212	0.0267	5.7320	69	100
	0.00	0.00	12.82	2.76	-12.20	6.39	7.69	4.449487	-75.198554	2.00	0.3948	0.8980	-9.2613	0.1025	-0.1860	1.0522	-0.1208	0.0267	5.7320	72	100
	0.00	0.00	12.76	3.52	-13.45	7.59	7.59	4.449487	-75.198554	2.00	-0.6957	0.6636	-9.8673	-0.0239	-0.0722	1.3247	-0.1207	0.0235	5.7322	75	86
	0.00	0.00	12.73	3.76	-12.66	8.99	7.60	4.449487	-75.198554	2.00	-0.4429	0.8889	-9.5550	0.1987	-0.0566	0.6230	-0.1214	0.0238	5.7322	76	60
	0.00	0.00	12.89	3.60	-10.51	10.23	7.71	4.449487	-75.198554	2.00	-0.0811	1.0208	-9.4827	0.1123	-0.1352	1.0781	-0.1217	0.0244	5.7322	76	31
	0.00	0.00	12.80	3.73	-7.81	11.07	7.92	4.449487	-75.198554	2.00	-0.3732	0.8625	-9.6351	0.1601	-0.5156	0.9838	-0.1215	0.0232	5.7322	73	4
	0.00	0.00	12.83	4.20	-5.34	11.43	8.15	4.449487	-75.198554	2.00	-0.4157	0.8113	-9.6246	0.0166	-0.1162	1.2084	-0.1212	0.0236	5.7321	68	-16
	0.00	0.00	12.76	4.34	-3.48	11.33	8.35	4.449488	-75.198554	2.00	-0.0677	0.7672	-9.3119	0.0488	-0.2138	0.5883	-0.1213	0.0238	5.7322	64	-29
	0.00	0.00	12.84	3.97	-2.31	10.86	8.44	4.449488	-75.198554	2.00	-0.2880	0.8138	-9.5851	-0.1196	0.1337	0.8720	-0.1219	0.0227	5.7322	61	-34
	0.00	0.00	12.72	3.24	-1.67	10.17	8.41	4.449488	-75.198554	2.00	-0.5525	0.9360	-9.6475	0.0478	0.0527	0.8276	-0.1222	0.0230	5.7322	60	-32
	0.00	0.00	12.76	2.44	-1.34	9.35	8.28	4.449488	-75.198554	2.00	-0.1129	1.0055	-9.4842	0.0976	-0.1645	1.0332	-0.1223	0.0237	5.7321	62	-25
	0.00	0.00	12.76	1.95	-1.54	8.53	8.10	4.449488	-75.198554	2.00	-0.4686	0.8142	-9.5792	-0.0048	-0.1503	1.1411	-0.1219	0.0232	5.7322	64	-14
	0.00	0.00	12.90	1.35	-2.44	7.83	7.95	4.449488	-75.198554	2.00	-0.3706	0.7644	-9.5739	0.1279	0.0419	0.4726	-0.1219	0.0236	5.7321	67	-2
	0.00	0.00	12.66	0.83	-3.40	7.26	7.82	4.449488	-75.198554	2.00	-0.0152	0.9166	-9.2382	0.1362	-0.1772	1.2314	-0.1222	0.0246	5.7321	70	9
	0.00	0.00	12.94	1.10	-3.71	6.72	7.70	4.449488	-75.198554	2.00	-0.4714	0.7805	-9.5324	0.1181	-0.1596	0.9238	-0.1221	0.0230	5.7321	73	22
	0.00	0.00	12.79	1.47	-3.88	6.19	7.64	4.449488	-75.198554	2.00	-0.4422	0.9593	-9.6699	0.0371	-0.5229	1.2915	-0.1222	0.0238	5.7319	75	38
	0.00	0.00	12.79	1.57	-4.33	5.68	7.68	4.449488	-75.198554	2.00	-0.1828	0.9887	-9.4824	0.0747	-0.3920	0.8823	-0.1220	0.0243	5.7318	76	55
	0.00	0.00	12.82	2.21	-5.01	5.33	7.81	4.449488	-75.198554	2.00	-0.3890	0.8256	-9.5555	0.0449	-0.2446	1.1577	-0.1217	0.0240	5.7318	74	71
	0.00	0.00	12.76	3.23	-6.41	5.31	8.00	4.449488	-75.198554	2.00	-0.3233	0.8480	-9.6275	-0.0351	-0.0180	1.0351	-0.1217	0.0243	5.7317	71	83
	0.00	0.00	12.83	3.72	-8.09	5.69	8.20	4.449488	-75.198554	2.00	-0.2288	0.9286	-9.6207	0.1464	-0.2124	0.8330	-0.1215	0.0253	5.7316	66	87
	0.00	0.00	12.76	3.15	-8.82	6.35	8.34	4.449488	-75.198554	2.00	0.0639	0.7974	-9.3848	-0.0371	-0.0996	1.1640	-0.1214	0.0255	5.7317	63	84
	0.00	0.00	12.77	2.15	-8.64	7.22	8.38	4.449488	-75.198554	2.00	-0.5171	0.7388	-9.6730	0.1293	0.0615	0.4365	-0.1214	0.0238	5.7319	62	74
	0.00	0.00	12.86	1.87	-8.41	8.17	8.32	4.449488	-75.198554	2.00	-0.4598	0.9251	-9.6290	0.1127	-0.1606	0.8886	-0.1221	0.0238	5.7320	62	59
	0.00	0.00	12.89	1.91	-8.22	8.98	8.19	4.449489	-75.198554	2.00	-0.1603	1.0025	-9.4836	0.2895	-0.2187	0.7851	-0.1225	0.0243	5.7320	63	42
	0.00	0.00	12.79	1.64	-7.50	9.46	8.05	4.449489	-75.198554	2.00	-0.4183	0.8717	-9.6821	0.1186	-0.2363	1.0126	-0.1221	0.0238	5.7320	65	29
	0.00	0.00	12.69	1.87	-6.15	9.59	7.95	4.449489	-75.198554	2.00	-0.3129	0.8279	-9.5433	0.1801	-0.2250	0.9023	-0.1218	0.0240	5.7319	67	20
	0.00	0.00	12.89	2.86	-4.60	9.43	7.86	4.449489	-75.198554	2.00	0.0734	0.9727	-9.4210	0.1259	-0.0224	0.3383	-0.1219	0.0251	5.7317	68	15
	0.00	0.00	12.80	3.42	-3.54	9.06	7.75	4.449489	-75.198554	2.00	-0.4895	0.8747	-9.6740	0.2016	-0.1381	0.7231	-0.1219	0.0233	5.7320	70	16
	0.00	0.00	12.83	3.25	-3.15	8.58	7.68	4.449489	-75.198554	2.00	-0.5943	0.7193	-9.6718	0.1098	-0.1625	1.0419	-0.1224	0.0232	5.7320	73	21
	0.00	0.00	12.97	3.39	-2.93	8.09	7.70	4.449489	-75.198554	2.00	-0.0846	1.0147	-9.4530	0.1123	-0.0478	1.3320	-0.1224	0.0243	5.7319	73	28
	0.00	0.00	12.76	3.56	-2.97	7.62	7.79	4.449489	-75.198554	2.00	-0.3228	0.8850	-9.4952	0.0346	0.0112	1.2548	-0.1218	0.0237	5.7319	73	36
	0.00	0.00	12.68	2.70	-3.87	7.21	7.93	4.449489	-75.198554	2.00	-0.4518	0.7703	-9.5887	-0.0390	-0.1416	1.3154	-0.1215	0.0237	5.7318	71	46
	0.00	0.00	12.98	1.68	-5.02	6.89	8.09	4.449489	-75.198554	2.00	-0.2085	0.8094	-9.5442	0.1181	-0.2280	1.2890	-0.1217	0.0243	5.7317	69	56
	0.00	0.00	12.80	1.75	-5.52	6.75	8.22	4.449489	-75.198554	2.00	-0.3094	0.8546	-9.5443	0.2602	-0.4199	0.7192	-0.1219	0.0240	5.7318	67	64
	0.00	0.00	12.66	2.34	-5.93	6.82	8.29	4.449489	-75.198554	2.00	-0.4312	0.9958	-9.6525	0.0263	-0.1166	1.1484	-0.1221	0.0240	5.7318	64	68
	0.00	0.00	12.71	2.25	-6.58	7.08	8.30	4.449489	-75.198554	2.00	-0.2427	0.8123	-9.5721	0.1596	-0.3950	1.4311	-0.1220	0.0243	5.7316	63	68
	0.00	0.00	12.83	1.91	-6.87	7.42	8.24	4.449489	-75.198554	2.00	-0.4796	0.8690	-9.6614	0.1157	-0.2812	0.9873	-0.1220	0.0240	5.7317	63	65
	0.00	0.00	12.80	2.33	-7.15	7.73	8.15	4.449489	-75.198554	2.00	-0.1581	0.8518	-9.5166	-0.0458	-0.1757	1.2822	-0.1220	0.0247	5.7318	63	62
	0.00	0.00	12.89	2.79	-7.77	7.96	8.04	4.449489	-75.198554	2.00	-0.4126	0.8074	-9.5430	-0.0029	-0.0327	1.3642	-0.1222	0.0245	5.7317	64	59
	0.00	0.00	12.75	2.21	-8.04	8.19	7.91	4.449489	-75.198554	2.00	-0.3050	0.9263	-9.6941	0.2290	-0.4785	1.4033	-0.1224	0.0242	5.7319	67	55
	0.00	0.00	12.83	1.51	-7.46	8.41	7.79	4.449490	-75.198554	2.00	-0.4584	0.8063	-9.5543	0.2211	-0.2270	0.9980	-0.1222	0.0240	5.7319	70	49
	0.00	0.00	12.73	1.99	-6.18	8.62	7.71	4.449490	-75.198554	2.00	-0.1660	0.8518	-9.4647	0.2851	-0.3232	0.9145	-0.1222	0.0246	5.7318	72	43
	0.00	0.00	12.83	2.94	-4.99	8.81	7.68	4.449490	-75.198554	2.00	-0.4505	0.8922	-9.5769	0.0698	-0.0781	0.9536	-0.1219	0.0240	5.7319	73	36
	0.00	0.00	12.77	3.22	-4.57	8.95	7.74	4.449490	-75.198554	2.00	-0.3582	0.7882	-9.4929	0.0307	0.0429	1.2617	-0.1219	0.0242	5.7318	73	30
	0.00	0.00	12.75	3.32	-4.39	8.98	7.87	4.449490	-75.198554	2.00	-0.3416	0.8960	-9.5976	0.0537	-0.2407	1.1601	-0.1222	0.0243	5.7319	72	25
	0.00	0.00	12.80	3.90	-3.88	8.89	8.02	4.449490	-75.198554	2.00	-0.3643	0.8884	-9.5676	0.0634	0.0048	0.7934	-0.1222	0.0240	5.7319	69	23
	0.00	0.00	12.83	4.12	-3.29	8.71	8.15	4.449490	-75.198554	2.00	-0.3247	0.8092	-9.5103	0.0659	0.0063	0.6079	-0.1222	0.0241	5.7320	66	22
	0.00	0.00	12.79	3.18	-3.20	8.39	8.24	4.449490	-75.198554	2.00	-0.3349	0.9315	-9.5709	-0.0126	-0.1650	0.6572	-0.1224	0.0242	5.7320	65	26
	0.00	0.00	12.89	1.87	-3.67	7.91	8.26	4.449490	-75.198554	2.00	-0.3093	0.8121	-9.5059	0.1596	-0.3872	1.0273	-0.1226	0.0239	5.7320	64	34
	0.00	0.00	12.69	1.22	-4.41	7.32	8.22	4.449490	-75.198554	2.00	-0.4312	0.8636	-9.5839	0.1855	-0.2045	1.0908	-0.1227	0.0241	5.7320	65	46
	0.00	0.00	12.59	0.77	-5.81	6.72	8.16	4.449490	-75.198554	2.00	-0.2598	0.8188	-9.4936	0.1796	-0.0659	0.0297	-0.1226	0.0248	5.7320	65	61
	0.00	0.00	12.79	0.66	-7.21	6.24	8.08	4.449490	-75.198554	2.00	-0.3699	0.8391	-9.5778	0.1284	0.1181	0.4604	-0.1226	0.0253	5.7318	66	76
	0.00	0.00	12.75	1.84	-7.90	6.05	7.95	4.449490	-75.198554	2.00	-0.2702	0.8362	-9.5773	0.1181	0.0229	0.6840	-0.1224	0.0255	5.7318	67	87
	0.00	0.00	12.72	3.55	-9.00	6.24	7.83	4.449490	-75.198554	2.00	-0.6841	0.8489	-9.7796	0.1445	-0.3046	1.4189	-0.1224	0.0255	5.7317	69	92
	0.00	0.00	12.76	4.17	-10.45	6.77	7.77	4.449490	-75.198554	2.00	0.0118	0.9007	-9.4897	0.1088	-0.2871	1.4399	-0.1224	0.0264	5.7316	70	90
	0.00	0.00	12.80	3.86	-10.89	7.56	7.77	4.449490	-75.198554	2.00	-0.4138	0.8019	-9.5797	0.1699	-0.3525	1.1601	-0.1222	0.0249	5.7318	71	80
	0.00	0.00	12.73	4.02	-10.38	8.47	7.82	4.449490	-75.198554	2.00	-0.4925	0.9280	-9.6718	0.2788	-0.2026	0.8442	-0.1224	0.0249	5.7319	71	64
	0.00	0.00	12.71	4.45	-9.56	9.33	7.90	4.449490	-75.198554	2.00	-0.1713	0.8742	-9.4601	-0.1035	0.0371	1.2211	-0.1225	0.0252	5.7319	70	45
	0.00	0.00	12.75	4.02	-8.51	9.98	8.01	4.449490	-75.198554	2.00	-0.3754	0.8227	-9.5882	0.1083	-0.3315	1.4228	-0.1226	0.0246	5.7319	68	26
	0.00	0.00	12.82	3.32	-7.19	10.33	8.11	4.449490	-75.198554	2.00	-0.4120	0.8829	-9.6028	-0.0336	-0.1606	0.9287	-0.1227	0.0245	5.7317	67	11
	0.00	0.00	12.84	3.61	-5.58	10.29	8.18	4.449490	-75.198554	2.00	-0.2554	1.0801	-9.6853	0.0375	-0.0878	0.8803	-0.1228	0.0247	5.7318	65	1
	0.00	0.00	12.68	4.27	-4.04	9.89	8.20	4.449490	-75.198554	2.00	-0.3625	1.1744	-9.7346	0.1064	-0.1372	1.0102	-0.1230	0.0236	5.7318	63	0
	0.00	0.00	12.80	3.95	-2.89	9.23	8.17	4.449490	-75.198554	2.00	-0.6938	0.8121	-9.6756	0.1430	-0.2666	1.2929	-0.1232	0.0239	5.7321	63	3
	0.00	0.00	12.68	3.25	-2.18	8.39	8.11	4.449490	-75.198554	2.00	-0.0769	0.8988	-9.4965	-0.2622	-0.0825	1.9042	-0.1232	0.0253	5.7321	64	14
	0.00	0.00	12.79	3.47	-1.81	7.50	8.02	4.449490	-75.198554	2.00	-0.4380	0.8428	-9.5747	0.1025	-0.0537	0.9472	-0.1231	0.0243	5.7321	66	29
	0.00	0.00	12.65	3.87	-1.77	6.67	7.88	4.449490	-75.198554	2.00	-0.4588	0.9477	-9.5703	0.0180	-0.3125	1.2104	-0.1230	0.0245	5.7320	68	47
	0.00	0.00	12.86	3.59	-2.23	5.97	7.76	4.449490	-75.198554	2.00	-0.2189	0.8930	-9.4854	0.1630	-0.1616	0.8305	-0.1230	0.0253	5.7319	71	66
	0.00	0.00	12.66	3.55	-2.98	5.52	7.70	4.449490	-75.198554	2.00	-0.2925	0.9306	-9.6370	-0.1713	0.2133	0.9042	-0.1229	0.0251	5.7317	73	83
	0.00	0.00	12.84	4.19	-4.05	5.54	7.73	4.449490	-75.198554	2.00	-0.3460	0.8169	-9.5822	0.1865	-0.1396	0.4873	-0.1227	0.0251	5.7318	73	93
	0.00	0.00	12.69	4.68	-6.18	6.04	7.84	4.449490	-75.198554	2.00	-0.1164	1.0714	-9.4588	0.1489	0.0410	0.9609	-0.1223	0.0276	5.7315	72	95
	0.00	0.00	12.72	4.78	-8.44	6.86	7.97	4.449490	-75.198554	2.00	-0.0609	0.7438	-9.5712	-0.0053	-0.2285	1.4291	-0.1217	0.0268	5.7315	70	89
	0.00	0.00	12.79	5.07	-9.08	7.90	8.09	4.449490	-75.198554	2.00	-0.6381	0.6848	-9.6518	-0.0527	-0.0683	1.1342	-0.1218	0.0245	5.7320	67	74
	0.00	0.00	12.90	5.43	-8.28	9.01	8.18	4.449490	-75.198554	2.00	-0.4021	0.8660	-9.5655	0.2197	-0.1562	0.9150	-0.1228	0.0253	5.7318	65	52
	0.00	0.00	12.68	5.09	-7.40	9.92	8.22	4.449480	-75.198547	2.00	-0.0816	1.0459	-9.5061	0.0180	-0.2148	0.7988	-0.1236	0.0254	5.7318	64	30
	0.00	0.00	12.90	4.11	-6.87	10.42	8.20	4.449480	-75.198547	2.00	-0.5143	0.9372	-9.6444	0.1225	-0.1269	0.7905	-0.1234	0.0243	5.7319	64	13
	0.00	0.00	12.66	3.66	-6.08	10.42	8.13	4.449480	-75.198547	2.00	-0.2981	0.7629	-9.4591	-0.0493	-0.0859	1.1186	-0.1231	0.0249	5.7318	65	3
	0.00	0.00	12.69	3.99	-4.89	10.02	8.04	4.449480	-75.198547	2.00	-0.4802	0.9509	-9.6953	-0.0473	-0.3339	1.6904	-0.1227	0.0251	5.7318	66	0
	0.00	0.00	12.83	4.23	-3.66	9.40	7.96	4.449480	-75.198547	2.00	-0.5389	0.7012	-9.5196	-0.0976	-0.1376	1.2724	-0.1233	0.0249	5.7316	67	3
	0.00	0.00	12.75	4.47	-2.69	8.69	7.86	4.449480	-75.198547	2.00	0.0484	0.8325	-9.4371	0.0087	-0.0893	1.4877	-0.1235	0.0254	5.7316	69	10
	0.00	0.00	12.89	5.19	-2.22	7.92	7.78	4.449480	-75.198547	2.00	-0.5004	0.8583	-9.6136	0.0434	-0.0859	0.9414	-0.1233	0.0244	5.7318	71	22
	0.00	0.00	12.77	5.92	-2.24	7.17	7.77	4.449480	-75.198547	2.00	-0.4128	0.8849	-9.6932	0.2138	0.0927	0.7788	-0.1232	0.0251	5.7316	71	37
	0.00	0.00	12.68	5.73	-2.87	6.50	7.81	4.449480	-75.198547	2.00	-0.1585	0.8185	-9.4320	-0.2314	-0.0175	1.4570	-0.1228	0.0255	5.7315	71	53
	0.00	0.00	12.65	4.98	-4.31	5.98	7.91	4.449480	-75.198547	2.00	-0.3306	0.9031	-9.5955	-0.1425	-0.0312	1.1508	-0.1227	0.0254	5.7315	71	70
	0.00	0.00	13.00	5.00	-5.59	5.75	8.01	4.449480	-75.198547	2.00	-0.2764	0.8308	-9.5428	0.2246	-0.3583	1.0078	-0.1228	0.0255	5.7314	69	83
	0.00	0.00	12.77	5.48	-6.33	5.92	8.10	4.449480	-75.198547	2.00	-0.2934	0.9109	-9.5298	0.0361	-0.0449	1.0175	-0.1227	0.0257	5.7313	67	90
	0.00	0.00	12.71	5.33	-7.42	6.47	8.17	4.449480	-75.198547	2.00	-0.6290	0.8463	-9.8092	0.2255	-0.2006	0.5473	-0.1227	0.0258	5.7313	65	88
	0.00	0.00	12.72	4.59	-8.56	7.29	8.19	4.449480	-75.198547	2.00	0.1081	0.9452	-9.3953	-0.0209	-0.1796	1.1103	-0.1227	0.0267	5.7311	65	79
	0.00	0.00	12.91	3.94	-8.95	8.23	8.16	4.449480	-75.198547	2.00	-0.4178	0.8393	-9.5374	0.0629	0.0205	0.5761	-0.1228	0.0251	5.7313	65	64
	0.00	0.00	12.80	3.67	-8.67	9.10	8.08	4.449480	-75.198547	2.00	-0.5630	0.8692	-9.7080	0.1938	0.1127	0.6791	-0.1234	0.0252	5.7313	66	46
	0.00	0.00	12.83	3.40	-7.80	9.71	8.02	4.449480	-75.198547	2.00	-0.0876	0.9348	-9.3855	0.0239	-0.1206	0.9555	-0.1236	0.0259	5.7312	67	30
	0.00	0.00	12.76	2.96	-6.78	10.00	7.97	4.449476	-75.198547	2.00	-0.6286	0.8976	-9.7861	-0.1108	0.0629	0.7333	-0.1233	0.0256	5.7311	69	17
	0.00	0.00	12.82	2.95	-5.83	9.96	7.89	4.449476	-75.198547	2.0	-0.2128	0.7103	-9.4974	0.0981	-0.2358	1.0942	-0.1230	0.0256	5.7311	70	9
	0.00	0.00	12.73	3.53	-4.75	9.61	7.83	4.449476	-75.198547	2.00	-0.4306	0.6810	-9.6520	-0.0478	-0.0795	1.1640	-0.1232	0.0256	5.7311	71	7
	0.00	0.00	12.69	3.95	-3.71	9.03	7.82	4.449476	-75.198547	2.00	-0.1034	0.9665	-9.5850	0.1035	-0.1518	1.1162	-0.1236	0.0255	5.7311	72	11
	0.00	0.00	12.86	3.94	-2.91	8.37	7.88	4.449476	-75.198547	2.00	-0.6392	0.8943	-9.6466	0.0268	-0.0336	0.9555	-0.1233	0.0245	5.7311	71	19
	0.00	0.00	12.83	3.97	-2.33	7.78	7.97	4.449476	-75.198547	2.00	-0.3784	0.9196	-9.6124	0.1108	-0.1220	0.8066	-0.1233	0.0252	5.7308	70	29
	0.00	0.00	12.80	4.16	-1.96	7.24	8.08	4.449476	-75.198547	2.00	-0.1761	0.8472	-9.5004	0.0083	-0.4526	1.6679	-0.1230	0.0256	5.7306	68	40
