	0.00	0.00	13.08	-1.62	-0.26	0.00	-0.00	4.449169	-75.199195	2.00	-0.1502	0.1195	-9.6292	0.0000	0.0000	0.0000	-0.2454	-1.0885	65.3055	0	0
	0.00	0.00	13.26	-1.58	-0.34	0.00	-0.00	4.449169	-75.199195	2.00	-0.1874	0.1465	-9.6493	0.0000	0.0000	0.0000	-0.2447	-1.0881	65.1529	23	23
	0.00	0.00	13.22	-1.34	-0.68	0.00	0.07	4.449169	-75.199195	2.00	-0.1783	0.1569	-9.7599	0.0000	20.9592	20.9592	-0.2527	-1.0833	64.7582	29	31
	0.00	0.00	13.27	-0.42	-1.34	0.45	0.11	4.449169	-75.199195	2.00	-0.0193	0.2235	-9.7981	0.0000	34.1380	34.4677	-0.2512	-1.0814	64.4881	42	35
	0.00	0.00	13.09	2.24	-3.46	0.37	0.37	4.449169	-75.199195	2.00	1.7712	-0.3821	-9.5938	0.0000	46.6935	46.4220	-0.2801	-0.7858	64.2938	50	50
	0.00	0.00	12.86	7.11	-8.25	0.37	0.73	4.449169	-75.199195	2.00	1.1266	0.4783	-10.6599	0.0000	60.6194	53.5204	-0.2626	-0.8503	63.9978	55	66
	0.00	0.00	12.95	12.88	-15.12	0.49	1.03	4.449169	-75.199195	2.00	2.8609	0.5730	-9.7353	0.0000	68.2289	73.5029	-0.1999	-0.4657	63.4571	64	71
	0.00	0.00	12.94	18.55	-22.96	0.81	1.29	4.449169	-75.199195	2.00	2.4374	0.0246	-9.8282	0.0000	76.6577	83.9003	-0.2196	-0.4069	63.4469	72	79
	0.00	0.00	12.80	23.58	-30.94	1.33	1.66	4.449169	-75.199195	2.00	2.4158	0.5170	-9.9962	0.0000	85.7364	94.4015	-0.1506	-0.3361	63.0322	77	81
	0.00	0.00	12.95	26.90	-36.93	2.02	2.18	4.449169	-75.199195	2.00	2.8912	0.1203	-9.8058	0.0000	93.1958	100.9356	-0.1191	-0.2249	62.5936	78	81
	0.00	0.00	12.79	28.35	-38.90	2.80	2.87	4.449169	-75.199195	2.00	2.1085	-0.3249	-9.4236	0.0000	97.2657	103.4066	-0.1115	-0.2040	62.6832	77	80
	0.00	0.00	13.02	28.57	-37.51	3.63	3.67	4.449169	-75.199195	2.00	1.7314	-1.0088	-9.6294	0.0000	98.1275	102.8624	-0.0424	-0.3275	62.3382	73	77
	0.00	0.00	12.95	26.81	-34.36	4.42	4.46	4.449169	-75.199195	2.00	1.2121	-1.6775	-9.4852	0.0000	95.1843	99.8002	-0.0293	-0.2717	62.0782	69	73
	0.00	0.00	13.01	22.28	-29.76	5.13	5.17	4.449169	-75.199195	2.00	0.2700	-0.5815	-9.9868	0.0000	89.9115	94.5614	-0.1063	-0.2829	61.4931	66	70
	0.00	0.00	13.01	16.93	-24.48	5.73	5.74	4.449168	-75.199195	2.00	2.2678	-0.9647	-7.4437	0.0000	83.9286	88.7647	-0.1759	-0.0512	61.0849	63	66
	0.00	0.00	13.16	13.10	-20.08	6.19	6.18	4.449168	-75.199195	2.00	-0.4855	0.0589	-10.6083	0.0000	77.7169	82.4634	-0.0464	-0.3542	60.6303	60	63
	0.00	0.00	13.15	10.27	-16.87	6.52	6.51	4.449168	-75.199195	2.00	0.6355	0.6788	-9.4100	0.0000	72.2609	76.4530	-0.1146	-0.2499	60.4289	57	61
	0.00	0.00	13.09	7.19	-13.73	6.75	6.72	4.449168	-75.199195	2.00	-0.0206	0.2870	-9.1730	0.0000	67.1259	71.3116	-0.1239	-0.3410	59.6655	55	58
	0.00	0.00	12.98	4.97	-10.43	6.89	6.84	4.449168	-75.199195	2.00	-0.1348	-0.7069	-10.3926	0.0000	62.5965	66.7636	-0.2843	-0.4490	59.6036	53	56
	0.00	0.00	12.87	4.79	-8.11	6.95	6.89	4.449168	-75.199195	2.00	-0.4083	-0.3202	-9.4015	0.0000	59.1594	62.7571	-0.3912	-0.5759	59.1272	51	54
	0.00	0.00	12.95	5.21	-7.17	6.97	6.93	4.449168	-75.199195	2.00	-0.2832	0.6689	-9.8416	0.0000	56.2204	59.5760	-0.3581	-0.4347	58.8937	49	53
	0.00	0.00	12.93	4.46	-6.82	6.97	6.96	4.449168	-75.199195	2.00	0.5927	-0.2480	-8.8597	0.0000	53.7630	57.0443	-0.1464	-0.2012	57.9758	47	51
	0.00	0.00	13.12	3.01	-6.18	6.96	6.95	4.449168	-75.199195	2.00	-0.7148	-1.4891	-10.2893	0.0000	50.9162	54.6073	0.0095	-0.1575	57.6399	46	49
	0.00	0.00	13.09	2.28	-5.38	6.91	6.92	4.449168	-75.199195	2.00	1.1017	-0.6916	-8.2657	0.0000	48.4550	52.3678	-0.0318	0.2024	57.2499	44	48
	0.00	0.00	13.20	2.26	-5.36	6.83	6.90	4.449168	-75.199195	2.00	-2.4572	0.2927	-12.9641	0.0000	46.6600	50.3857	0.0530	-0.1344	56.7820	43	47
	0.00	0.00	13.04	1.85	-5.93	6.73	6.88	4.449168	-75.199195	2.00	1.0355	0.4449	-7.0070	0.0000	44.7786	49.2626	-0.0604	0.0884	56.4392	41	47
	0.00	0.00	13.26	1.19	-5.96	6.66	6.84	4.449168	-75.199195	2.00	-2.3734	1.1136	-12.8515	0.0000	42.7306	48.4976	0.0193	-0.4342	56.2735	40	46
	0.00	0.00	13.22	0.96	-5.63	6.67	6.78	4.449168	-75.199195	2.00	0.8013	0.4596	-8.6411	0.0000	40.9986	47.9801	0.0684	-0.0649	55.9815	39	43
	0.00	0.00	13.34	0.78	-6.06	6.72	6.68	4.449168	-75.199195	2.00	1.3337	-2.1126	-8.0266	0.0000	39.7191	46.6388	0.1914	-0.1095	55.3265	39	41
	0.00	0.00	13.02	0.38	-6.68	6.74	6.51	4.449168	-75.199195	2.00	-1.9840	0.3510	-11.6262	0.0000	38.8846	44.1585	0.0958	-0.0820	54.9201	40	40
	0.00	0.00	13.27	0.17	-6.24	6.72	6.30	4.449154	-75.199188	2.00	0.2454	0.2005	-8.2645	0.0000	39.1475	41.8255	0.0946	-0.4163	54.3266	42	39
	0.00	0.00	13.23	0.45	-5.41	6.69	6.15	4.449154	-75.199188	2.00	-1.1740	-0.4548	-9.6428	0.0000	40.7790	40.2579	-0.1035	-0.1098	53.9663	42	38
	0.00	0.00	13.09	0.84	-5.52	6.65	6.15	4.449154	-75.199188	2.00	0.4710	1.6835	-10.2103	0.0000	42.6451	38.9873	-0.1675	-0.1247	53.6598	40	37
	0.00	0.00	13.20	0.70	-5.91	6.58	6.28	4.449154	-75.199188	2.00	-0.7947	0.6199	-9.2865	0.0000	42.9934	37.7161	0.0707	-0.1245	53.1632	37	37
	0.00	0.00	13.14	0.61	-5.48	6.47	6.39	4.449154	-75.199188	2.00	-0.1018	-0.8186	-9.7096	0.0000	41.0637	36.8832	-0.1384	0.0372	52.6157	35	37
	0.00	0.00	13.08	1.29	-4.94	6.37	6.44	4.449154	-75.199188	2.00	0.2547	0.9002	-9.5361	0.0000	38.1969	36.7933	-0.1727	0.0125	52.6582	35	37
	0.00	0.00	13.20	1.88	-5.45	6.27	6.42	4.449154	-75.199188	2.00	0.6265	-0.1196	-8.5107	0.0000	36.5688	37.2731	-0.2018	-0.0789	52.5356	35	37
	0.00	0.00	13.07	1.55	-6.17	6.16	6.36	4.449154	-75.199188	2.00	-0.1748	-1.0533	-10.6487	0.0000	35.4616	37.4974	-0.1315	-0.2747	52.1246	35	38
	0.00	0.00	13.05	0.75	-5.84	6.04	6.26	4.449154	-75.199188	2.00	0.1488	-0.6396	-8.6977	0.0000	35.2527	38.2792	-0.1053	-0.5821	51.6451	36	39
	0.00	0.00	13.12	0.31	-5.41	5.91	6.17	4.449154	-75.199188	2.00	-0.4482	0.0048	-10.3952	0.0000	35.4976	39.4692	0.2418	-0.6620	51.1730	36	41
	0.00	0.00	13.18	0.35	-6.10	5.80	6.11	4.449154	-75.199188	2.00	-0.4311	-0.8683	-8.7042	0.0000	36.3630	41.0415	0.4380	-1.0310	50.8329	36	42
	0.00	0.00	13.14	0.25	-6.77	5.74	6.04	4.449154	-75.199188	2.00	-0.5201	-0.2005	-9.8073	0.0000	36.8128	42.9498	0.3119	-0.9210	51.3756	37	42
	0.00	0.00	13.02	0.16	-6.86	5.76	5.96	4.449154	-75.199188	2.00	-0.6901	0.5045	-9.4919	0.0000	37.2061	44.4706	0.3273	-0.8914	51.2173	38	42
	0.00	0.00	13.32	0.48	-7.46	5.80	5.93	4.449154	-75.199188	2.00	0.1649	-0.6413	-9.3635	0.0000	38.2695	45.2010	0.3017	-0.6836	51.0771	38	42
	0.00	0.00	13.16	0.56	-8.02	5.84	5.96	4.449154	-75.199188	2.00	-0.5974	-0.3298	-9.0269	0.0000	39.2030	44.9525	0.2888	-0.6715	50.8786	37	42
	0.00	0.00	13.16	0.16	-7.31	5.87	6.03	4.449154	-75.199188	2.00	0.8673	0.5479	-9.3659	0.0000	39.0591	44.9928	0.4555	-0.5345	50.1849	36	42
	0.00	0.00	13.22	0.12	-6.39	5.91	6.05	4.449139	-75.199188	2.00	-1.1363	0.0327	-8.7519	0.0000	38.2855	44.9097	0.4619	-0.7757	50.4499	36	42
	0.00	0.00	13.15	0.72	-6.68	5.93	6.03	4.449139	-75.199188	2.00	0.2670	-0.6711	-9.7371	0.0000	37.3735	44.8390	0.4926	-0.6585	50.0036	36	42
	0.00	0.00	13.11	1.04	-7.13	5.93	6.00	4.449139	-75.199188	2.00	-0.2404	-0.0782	-8.8518	0.0000	37.6620	44.5208	0.4252	-0.7201	49.7059	37	42
	0.00	0.00	12.98	0.67	-6.42	5.91	5.96	4.449139	-75.199188	2.00	-0.1624	-0.1722	-9.3046	0.0000	38.0161	44.7196	0.4037	-0.6733	49.3630	37	43
	0.00	0.00	13.04	0.53	-5.70	5.87	5.90	4.449139	-75.199188	2.00	-0.0301	-1.0593	-9.0386	0.0000	38.4328	45.0693	0.3371	-0.7767	48.9449	38	43
	0.00	0.00	13.18	1.33	-6.42	5.81	5.84	4.449139	-75.199188	2.00	-0.1167	-0.7243	-8.9334	0.0000	39.2472	45.7458	0.2068	-0.7782	49.6149	39	45
	0.00	0.00	13.32	2.08	-7.40	5.74	5.81	4.449139	-75.199188	2.00	0.0464	-0.2088	-9.3834	0.0000	40.4086	46.8004	0.0909	-0.8053	49.1980	39	46
	0.00	0.00	13.01	1.92	-7.02	5.70	5.83	4.449139	-75.199188	2.00	-0.0391	-0.3900	-8.9698	0.0000	41.3875	48.2063	0.1431	-0.6345	48.7616	39	47
	0.00	0.00	13.11	1.52	-6.39	5.65	5.89	4.449139	-75.199188	2.00	-0.0289	-0.4801	-9.3399	0.0000	41.7909	49.6526	0.2135	-0.6343	48.3343	38	48
	0.00	0.00	13.22	1.38	-6.60	5.58	5.95	4.449139	-75.199188	2.00	0.4788	-0.4804	-8.7076	0.0000	41.4605	50.7015	0.2622	-0.4986	47.9112	38	50
	0.00	0.00	13.19	1.01	-6.51	5.51	6.00	4.449139	-75.199188	2.00	-0.5756	-0.0967	-10.0197	0.0000	40.7659	52.5079	0.2824	-0.5238	47.7884	38	51
	0.00	0.00	13.14	0.84	-6.35	5.46	6.03	4.449139	-75.199188	2.00	0.5387	-1.0573	-8.9018	0.0000	40.2422	54.5631	0.2850	-0.4197	47.4142	37	53
	0.00	0.00	13.18	1.68	-7.44	5.46	6.01	4.449139	-75.199188	2.00	-0.3055	-1.1067	-9.6273	0.0000	39.7210	56.5186	0.1931	-0.4396	47.0666	38	53
	0.00	0.00	13.11	2.52	-8.54	5.52	5.95	4.449139	-75.199188	2.00	0.2240	-0.4408	-9.5595	0.0000	39.6109	58.1314	0.1665	-0.4234	46.7286	39	53
	0.00	0.00	13.07	2.27	-8.01	5.64	5.86	4.449139	-75.199188	2.00	0.0003	-0.7810	-9.2518	0.0000	40.3828	58.8345	0.1823	-0.4196	46.6111	41	52
	0.00	0.00	13.01	1.84	-7.16	5.77	5.81	4.449139	-75.199188	2.00	-0.3431	-1.0792	-9.9373	0.0000	41.5956	58.6084	0.1557	-0.4230	46.4985	41	51
	0.00	0.00	13.16	2.50	-7.93	5.86	5.83	4.449139	-75.199188	2.00	0.2277	-0.2977	-9.5487	0.0000	43.0782	57.5457	0.1675	-0.3075	46.1423	40	51
	0.00	0.00	13.26	3.32	-9.45	5.90	5.88	4.449129	-75.199188	2.00	0.2770	-1.0813	-9.1103	0.0000	43.4841	56.6562	0.1482	-0.3025	45.7717	40	51
	0.00	0.00	13.11	3.03	-9.69	5.88	5.93	4.449129	-75.199188	2.00	-0.2720	-0.5047	-10.0128	0.0000	43.0926	56.3519	0.1578	-0.4275	45.3496	40	52
	0.00	0.00	13.32	2.50	-9.08	5.87	5.95	4.449129	-75.199188	2.00	-0.0264	-0.3234	-9.9355	0.0000	42.7072	56.5953	0.0988	-0.4282	44.9986	40	53
	0.00	0.00	13.11	3.02	-9.39	5.88	5.96	4.449129	-75.199188	2.00	-0.1610	0.1674	-9.7787	0.0000	42.3979	57.4460	0.0611	-0.4399	45.6666	40	53
	0.00	0.00	13.19	3.71	-9.89	5.90	5.96	4.449129	-75.199188	2.00	-0.0034	0.2962	-9.9276	0.0000	42.5182	57.5497	0.0933	-0.3648	45.3068	40	53
	0.00	0.00	13.11	3.29	-8.87	5.92	5.95	4.449129	-75.199188	2.00	0.0658	-0.0067	-9.7632	0.0000	42.5111	57.5818	0.0700	-0.4063	45.1712	40	53
	0.00	0.00	13.01	2.60	-7.53	5.92	5.95	4.449129	-75.199188	2.00	-0.2751	0.5703	-9.7507	0.0000	42.7213	57.5524	0.0239	-0.5324	44.7728	41	53
	0.00	0.00	13.22	2.52	-7.48	5.93	5.97	4.449129	-75.199188	2.00	-0.3018	0.8308	-10.2920	0.0000	42.9871	57.5817	0.0382	-0.5437	44.3971	40	53
	0.00	0.00	13.26	2.14	-7.69	5.92	6.04	4.449129	-75.199188	2.00	0.2094	0.7674	-9.4620	0.0000	42.8999	57.8887	0.1319	-0.4060	44.4257	39	53
	0.00	0.00	13.16	1.29	-7.44	5.89	6.13	4.449129	-75.199188	2.00	-0.1825	0.6354	-9.7352	0.0000	42.3591	57.8697	0.1953	-0.4757	44.0463	37	54
	0.00	0.00	13.14	1.16	-7.83	5.84	6.18	4.449129	-75.199188	2.00	-0.2308	0.7789	-9.7748	0.0000	40.9033	58.5020	0.2531	-0.4571	43.6775	37	55
	0.00	0.00	13.16	1.99	-9.24	5.81	6.20	4.449129	-75.199188	2.00	0.0165	0.5167	-9.4839	0.0000	39.5809	59.3496	0.2978	-0.3402	43.2973	37	56
	0.00	0.00	13.09	2.52	-10.04	5.78	6.19	4.449129	-75.199188	2.00	-0.1993	-0.0436	-9.8636	0.0000	38.9765	60.4018	0.2635	-0.3668	42.8961	37	56
	0.00	0.00	13.22	2.31	-9.55	5.77	6.12	4.449129	-75.199188	2.00	-0.2235	0.4843	-9.3293	0.0000	38.4385	61.0579	0.2598	-0.2714	42.9597	38	57
	0.00	0.00	13.15	2.59	-9.60	5.81	6.01	4.449129	-75.199188	2.00	0.1864	-0.2709	-9.8340	0.0000	38.5595	61.9800	0.3437	-0.2549	42.5857	39	56
	0.00	0.00	13.32	3.36	-10.63	5.87	5.93	4.449129	-75.199188	2.00	-0.2508	-1.1925	-9.2818	0.0000	39.7882	62.2667	0.2877	-0.1581	42.2881	40	56
	0.00	0.00	13.04	3.20	-10.89	5.94	5.95	4.449129	-75.199188	2.00	-0.0946	-0.8829	-10.2365	0.0000	41.2010	61.7673	0.1685	-0.1454	41.9169	39	55
	0.00	0.00	13.18	2.39	-10.31	5.98	6.03	4.449120	-75.199180	2.00	-0.3269	-0.9394	-9.3370	0.0000	41.6259	61.2556	0.0139	-0.1211	41.4880	37	55
	0.00	0.00	13.09	2.46	-10.44	5.98	6.09	4.449120	-75.199180	2.00	-0.0766	-0.0411	-9.4851	0.0000	40.5438	60.5624	-0.0870	-0.1994	41.3469	37	56
	0.00	0.00	13.18	3.14	-11.26	6.00	6.13	4.449120	-75.199180	2.00	0.3972	-1.6451	-8.8543	0.0000	39.3544	60.5250	-0.2383	-0.3278	40.9595	37	55
	0.00	0.00	13.16	2.97	-11.13	6.05	6.13	4.449120	-75.199180	2.00	-1.5675	0.0924	-11.5427	0.0000	38.7255	60.6944	-0.2722	-0.4261	40.5271	36	54
	0.00	0.00	13.09	2.20	-10.11	6.09	6.11	4.449120	-75.199180	2.00	-0.0363	0.6105	-8.7360	0.0000	38.0991	60.0020	-0.3406	-0.3826	40.1189	37	54
	0.00	0.00	13.14	2.00	-9.76	6.12	6.08	4.449120	-75.199180	2.00	-0.2082	-0.3475	-10.2563	0.0000	38.1492	59.1344	-0.5276	-0.2009	40.0054	37	54
	0.00	0.00	13.25	2.14	-10.05	6.11	6.06	4.449120	-75.199180	2.00	-0.1137	1.1749	-8.9020	0.0000	38.2352	58.6055	-0.7743	-0.5042	40.3404	37	54
	0.00	0.00	13.20	1.71	-9.83	6.07	6.05	4.449120	-75.199180	2.00	-0.0777	1.5548	-9.5289	0.0000	38.4204	58.1126	-0.7892	-0.4181	39.9957	37	54
	0.00	0.00	13.19	1.02	-9.13	6.02	6.06	4.449120	-75.199180	2.00	0.0788	0.6691	-9.2059	0.0000	38.4006	58.4137	-0.8251	-0.2444	39.6028	36	55
	0.00	0.00	13.08	0.96	-8.89	5.99	6.08	4.449120	-75.199180	2.00	0.9115	0.7683	-9.3521	0.0000	38.2735	58.9323	-0.7417	-0.2204	39.3115	36	55
	0.00	0.00	13.22	1.37	-9.20	5.97	6.11	4.449120	-75.199180	2.00	-0.5775	0.1085	-9.3046	0.0000	37.8175	59.4482	-0.6884	-0.3956	39.0116	35	55
	0.00	0.00	13.27	1.49	-9.37	5.96	6.14	4.449120	-75.199180	2.00	0.6818	-0.2722	-9.4392	0.0000	37.2902	59.6595	-0.7092	-0.3339	39.6848	35	55
	0.00	0.00	13.09	1.21	-9.26	5.95	6.15	4.449120	-75.199180	2.00	-0.4153	0.3850	-9.6241	0.0000	36.5668	59.9449	-0.8047	-0.5291	39.3639	35	55
	0.00	0.00	13.04	1.03	-9.28	5.94	6.13	4.449120	-75.199180	2.00	-0.2494	0.0006	-10.2033	0.0000	35.9463	60.1153	-0.7867	-0.4296	39.2486	35	55
	0.00	0.00	13.16	1.05	-9.48	5.95	6.11	4.449120	-75.199180	2.00	-0.0549	-0.7728	-9.5411	0.0000	35.7449	60.3931	-0.7029	-0.4588	38.8801	35	55
	0.00	0.00	13.26	0.71	-9.32	5.98	6.12	4.449120	-75.199180	2.00	-0.7709	-0.9970	-10.0157	0.0000	35.8593	60.5749	-0.7106	-0.4105	38.5245	34	55
	0.00	0.00	13.07	0.04	-8.71	6.01	6.16	4.449110	-75.199180	2.00	-0.5879	-0.7459	-10.3512	0.0000	35.6239	60.3070	-0.7600	-0.4240	39.3979	33	54
	0.00	0.00	13.19	-0.44	-8.28	6.05	6.19	4.449110	-75.199180	2.00	-0.5463	-0.3963	-9.5538	0.0000	34.8423	59.8720	-0.7949	-0.3449	39.0691	32	54
	0.00	0.00	13.05	-0.39	-8.49	6.07	6.18	4.449110	-75.199180	2.00	-0.2136	-0.5387	-9.8103	0.0000	33.8375	59.4592	-0.8178	-0.4228	38.7470	33	54
	0.00	0.00	13.12	-0.06	-8.89	6.08	6.15	4.449110	-75.199180	2.00	-0.8674	-0.1663	-10.3523	0.0000	33.3240	58.8017	-0.9169	-0.4784	38.3789	33	54
	0.00	0.00	13.15	0.51	-9.18	6.10	6.11	4.449110	-75.199180	2.00	-0.4274	0.6893	-9.4690	0.0000	33.3708	58.6101	-0.9689	-0.5716	37.9905	33	53
	0.00	0.00	13.16	1.74	-10.00	6.13	6.06	4.449110	-75.199180	2.00	-0.5047	0.3273	-9.5628	0.0000	33.4741	58.2403	-0.9592	-0.4743	39.1601	33	53
	0.00	0.00	13.27	2.84	-10.57	6.16	6.01	4.449110	-75.199180	2.00	-0.2619	0.2763	-9.3971	0.0000	33.8275	57.5769	-0.9956	-0.4522	38.8472	34	52
	0.00	0.00	13.19	2.71	-9.55	6.16	5.98	4.449110	-75.199180	2.00	-0.1757	0.9220	-9.3720	0.0000	34.4065	56.8347	-0.9636	-0.4721	38.5178	34	52
	0.00	0.00	13.08	2.27	-8.27	6.11	5.97	4.449110	-75.199180	2.00	-0.2628	0.0379	-9.1968	0.0000	34.9168	56.2108	-0.9849	-0.3921	38.1634	34	53
	0.00	0.00	13.04	2.59	-8.47	6.06	5.98	4.449110	-75.199180	2.00	0.3244	0.4880	-9.4195	0.0000	35.1179	56.2866	-0.9938	-0.2792	37.8223	34	53
	0.00	0.00	13.22	2.83	-8.98	6.06	6.01	4.449110	-75.199180	2.00	0.0326	0.6339	-9.0823	0.0000	35.1415	56.9759	-0.9274	-0.2715	38.7482	33	52
	0.00	0.00	13.16	2.18	-8.20	6.04	6.05	4.449110	-75.199180	2.00	0.1696	-0.0230	-9.6340	0.0000	34.8581	57.0999	-0.8312	-0.3137	38.4144	33	52
	0.00	0.00	13.15	1.43	-7.21	5.98	6.07	4.449110	-75.199180	2.00	0.2071	0.1809	-9.2377	0.0000	34.2820	56.6895	-0.7741	-0.2954	38.0262	32	54
	0.00	0.00	13.12	1.56	-7.68	5.91	6.07	4.449110	-75.199180	2.00	0.1324	-0.1527	-9.6663	0.0000	33.7020	57.3886	-0.7548	-0.3733	37.6903	33	55
	0.00	0.00	13.25	2.08	-8.67	5.85	6.04	4.449110	-75.199180	2.00	-0.4168	-0.2519	-9.6641	0.0000	33.5400	58.4817	-0.8024	-0.3676	37.5393	33	55
	0.00	0.00	13.16	1.83	-8.49	5.81	6.00	4.449110	-75.199180	2.00	0.8521	0.2284	-9.3869	0.0000	33.5910	59.5261	-0.7770	-0.1863	38.1903	34	56
	0.00	0.00	13.23	1.47	-8.05	5.80	5.98	4.449110	-75.199180	2.00	-0.4864	-0.4631	-9.9701	0.0000	34.1225	60.5256	-0.7443	-0.1616	37.8665	34	56
	0.00	0.00	13.11	2.04	-8.87	5.81	5.99	4.449100	-75.199172	2.00	0.6092	-0.6114	-9.6154	0.0000	34.5519	61.2568	-0.7215	-0.0358	37.5295	33	56
	0.00	0.00	13.14	2.63	-9.73	5.84	6.01	4.449100	-75.199172	2.00	0.0320	-0.3132	-9.7369	0.0000	34.5475	61.6024	-0.7423	-0.0164	37.2287	33	56
	0.00	0.00	13.20	2.80	-9.89	5.88	6.01	4.449100	-75.199172	2.00	0.1332	-0.3814	-9.7997	0.0000	34.2358	61.7720	-0.7125	-0.1291	36.9462	33	56
	0.00	0.00	13.04	3.46	-10.68	5.91	5.96	4.449100	-75.199172	2.00	0.1524	-0.8155	-9.9264	0.0000	34.0486	61.6050	-0.8010	-0.1422	37.8514	34	56
	0.00	0.00	13.12	4.05	-11.35	5.93	5.91	4.449100	-75.199172	2.00	0.0043	0.1593	-9.5595	0.0000	34.4296	61.3888	-0.9322	-0.3222	37.5565	35	56
	0.00	0.00	13.22	3.49	-10.14	5.95	5.85	4.449100	-75.199172	2.00	0.4373	0.2347	-9.7436	0.0000	35.5110	61.3616	-0.9328	-0.3237	37.3728	36	56
	0.00	0.00	13.14	2.61	-8.43	5.96	5.80	4.449100	-75.199172	2.00	-0.5970	-0.6976	-10.4025	0.0000	36.2792	61.3017	-0.9300	-0.3750	37.0056	37	56
	0.00	0.00	13.11	2.86	-8.61	5.94	5.77	4.449100	-75.199172	2.00	1.5446	0.2539	-8.1765	0.0000	37.5136	61.1790	-0.9330	-0.3539	36.6763	37	57
	0.00	0.00	13.25	3.66	-9.71	5.89	5.77	4.449100	-75.199172	2.00	-1.0294	0.2273	-11.1670	0.0000	38.4614	61.3764	-0.9139	-0.4610	36.9191	37	58
	0.00	0.00	13.09	3.41	-9.25	5.83	5.80	4.449100	-75.199172	2.00	0.8278	-0.4812	-8.8663	0.0000	39.1482	62.1324	-0.8806	-0.4779	36.5778	37	59
	0.00	0.00	13.01	2.60	-8.23	5.77	5.85	4.449100	-75.199172	2.00	0.0697	0.3963	-9.7555	0.0000	39.4025	63.2496	-0.8061	-0.4595	36.2288	37	60
	0.00	0.00	13.07	2.69	-8.94	5.70	5.90	4.449100	-75.199172	2.00	0.1797	-0.0447	-10.0126	0.0000	39.2433	64.4577	-0.7254	-0.5714	35.9794	36	61
	0.00	0.00	13.19	3.23	-10.31	5.66	5.94	4.449100	-75.199172	2.00	0.3441	-0.6546	-9.2303	0.0000	38.8719	65.8512	-0.8171	-0.7733	35.6939	36	62
	0.00	0.00	13.09	2.87	-10.07	5.67	5.96	4.449100	-75.199172	2.00	-0.6001	0.6954	-10.1626	0.0000	38.5477	67.4570	-0.8755	-0.8782	36.7220	36	62
	0.00	0.00	13.22	2.27	-9.22	5.69	5.97	4.449100	-75.199172	2.00	-0.0223	0.0638	-9.5094	0.0000	38.3227	68.3027	-0.8214	-1.0122	36.3483	36	62
	0.00	0.00	13.11	2.72	-10.03	5.73	5.97	4.449100	-75.199172	2.00	-0.6528	-0.0039	-9.4960	0.0000	38.3276	68.6422	-0.8539	-0.9809	36.0115	37	62
	0.00	0.00	13.14	3.35	-11.34	5.80	5.97	4.449093	-75.199172	2.00	-0.0793	0.8876	-9.2102	0.0000	38.3341	69.1203	-0.7722	-0.9542	35.7133	37	62
	0.00	0.00	13.16	3.29	-11.62	5.91	6.03	4.449093	-75.199172	2.00	-0.2117	-0.4116	-9.6319	0.0000	38.4666	68.9362	-0.6757	-0.8036	35.3629	36	60
	0.00	0.00	13.11	3.14	-12.21	6.04	6.13	4.449093	-75.199172	2.00	-0.0722	-0.7432	-9.0756	0.0000	38.2316	68.1301	-0.8788	-0.6449	35.6621	34	59
	0.00	0.00	13.23	2.84	-12.97	6.15	6.22	4.449093	-75.199172	2.00	0.1026	0.7446	-9.7295	0.0000	36.6987	66.5792	-0.9271	-0.6493	35.4559	33	58
	0.00	0.00	13.14	1.93	-12.14	6.20	6.26	4.449093	-75.199172	2.00	-0.4331	-0.9321	-9.7049	0.0000	34.9993	64.8051	-0.9380	-0.8027	35.1417	32	57
	0.00	0.00	13.11	0.74	-10.24	6.23	6.25	4.449093	-75.199172	2.00	0.2589	-0.8646	-9.2500	0.0000	33.6836	63.4667	-1.0629	-0.7732	34.7806	32	57
	0.00	0.00	13.12	-0.01	-9.41	6.25	6.23	4.449093	-75.199172	2.00	0.0338	0.6947	-9.6899	0.0000	33.0755	62.8013	-1.1173	-0.9305	34.6260	32	56
	0.00	0.00	13.27	-0.09	-9.92	6.27	6.21	4.449093	-75.199172	2.00	0.1189	-0.7190	-10.0299	0.0000	32.8828	61.8529	-1.1011	-0.9250	35.7133	32	56
	0.00	0.00	13.04	-0.19	-9.87	6.27	6.17	4.449093	-75.199172	2.00	-0.1318	-0.3532	-9.3403	0.0000	32.5294	61.0357	-1.1469	-0.9734	35.3618	32	55
	0.00	0.00	13.23	-0.54	-8.99	6.24	6.16	4.449093	-75.199172	2.00	0.3945	0.5549	-9.6759	0.0000	32.3820	60.1927	-1.1505	-0.9046	35.0572	32	55
	0.00	0.00	13.08	-0.84	-8.51	6.19	6.16	4.449093	-75.199172	2.00	-0.2159	0.3807	-9.6897	0.0000	32.5241	59.8317	-1.0995	-1.0038	34.7502	31	56
	0.00	0.00	13.23	-1.10	-8.46	6.14	6.19	4.449093	-75.199172	2.00	-0.2958	0.6740	-9.4646	0.0000	31.9005	59.9118	-1.0091	-0.8736	34.3915	30	56
	0.00	0.00	13.16	-1.35	-8.01	6.12	6.24	4.449093	-75.199172	2.00	-0.2396	0.6873	-9.9488	0.0000	31.4123	60.1750	-0.9421	-0.8690	34.6120	29	56
	0.00	0.00	12.97	-1.57	-7.21	6.11	6.29	4.449093	-75.199172	2.00	-0.3380	0.3761	-9.5571	0.0000	30.2363	60.3106	-0.9258	-0.8209	34.3383	28	55
	0.00	0.00	13.11	-1.57	-6.88	6.12	6.32	4.449093	-75.199172	2.00	-0.5380	0.1075	-9.9677	0.0000	28.9121	60.0110	-0.9046	-0.8805	34.1721	27	55
	0.00	0.00	13.16	-1.34	-7.23	6.12	6.32	4.449093	-75.199172	2.00	-0.5162	-0.4722	-9.5647	0.0000	27.6972	59.8064	-0.8587	-0.8432	33.8664	27	54
	0.00	0.00	13.22	-1.20	-7.45	6.10	6.30	4.449093	-75.199172	2.00	0.1232	-0.6350	-9.6335	0.0000	26.7951	59.2800	-0.8408	-0.7407	33.5521	27	55
	0.00	0.00	13.22	-1.27	-7.21	6.08	6.26	4.449093	-75.199172	2.00	-0.8101	-0.6815	-9.9760	0.0000	26.2811	59.2192	-0.8502	-0.8210	33.5671	27	55
	0.00	0.00	13.16	-1.16	-7.26	6.07	6.25	4.449081	-75.199165	2.00	0.1701	-0.7323	-9.4982	0.0000	25.9779	59.3573	-0.8165	-0.7436	33.2898	26	55
	0.00	0.00	13.09	-0.66	-7.85	6.07	6.26	4.449081	-75.199165	2.00	-0.2148	-0.2964	-9.8440	0.0000	25.8449	59.3083	-0.8497	-0.7893	33.0100	25	54
	0.00	0.00	13.05	-0.24	-8.32	6.08	6.26	4.449081	-75.199165	2.00	-0.0150	0.4601	-9.4038	0.0000	24.9781	59.1660	-0.8029	-0.8856	32.7519	25	54
	0.00	0.00	13.18	-0.25	-8.11	6.08	6.20	4.449081	-75.199165	2.00	-0.0858	-0.1097	-10.0209	0.0000	24.2175	58.9031	-0.8188	-0.9778	32.8031	25	54
	0.00	0.00	13.26	-0.32	-7.54	6.06	6.13	4.449081	-75.199165	2.00	-0.2817	0.7717	-9.2795	0.0000	23.9990	58.5663	-0.8582	-0.9724	32.6095	26	54
	0.00	0.00	13.18	-0.11	-7.49	6.06	6.06	4.449081	-75.199165	2.00	0.0765	1.2308	-10.0305	0.0000	24.7709	58.5745	-0.8156	-0.9255	32.3372	26	54
	0.00	0.00	13.29	0.02	-7.58	6.06	6.01	4.449081	-75.199165	2.00	-0.0548	0.4493	-8.8080	0.0000	25.2611	58.7158	-0.8384	-0.8472	32.0419	27	54
	0.00	0.00	13.16	-0.22	-7.17	6.07	5.96	4.449081	-75.199165	2.00	-0.1282	0.9235	-10.0612	0.0000	25.9582	58.3436	-0.8280	-0.8848	31.7319	27	53
	0.00	0.00	13.22	-0.38	-7.04	6.08	5.94	4.449081	-75.199165	2.00	-0.0348	0.7114	-9.1405	0.0000	26.4545	58.2406	-0.8285	-0.8942	31.6599	27	53
	0.00	0.00	13.12	-0.02	-7.78	6.07	5.94	4.449081	-75.199165	2.00	-0.2246	0.7315	-10.0631	0.0000	27.1302	57.8441	-0.7750	-0.8997	31.3161	27	53
	0.00	0.00	13.20	0.37	-8.41	6.04	5.98	4.449081	-75.199165	2.00	-0.0539	0.8641	-9.0898	0.0000	27.1989	57.6357	-0.6703	-0.8153	30.9928	26	54
	0.00	0.00	13.15	0.65	-8.50	5.99	6.02	4.449081	-75.199165	2.00	-0.1056	0.0485	-9.7446	0.0000	27.0972	57.8546	-0.5750	-0.8834	30.7008	26	54
	0.00	0.00	13.25	1.26	-9.10	5.94	6.04	4.449081	-75.199165	2.00	-0.2089	-0.2861	-9.4676	0.0000	26.3520	58.3304	-0.5905	-0.9068	30.3976	26	55
	0.00	0.00	13.14	1.66	-9.71	5.90	6.04	4.449081	-75.199165	2.00	0.2966	0.0857	-8.8523	0.0000	25.9848	59.1245	-0.5999	-0.9048	30.4733	26	55
	0.00	0.00	13.25	1.24	-8.85	5.86	6.03	4.449081	-75.199165	2.00	-0.8219	-0.5800	-10.3174	0.0000	25.8537	59.8334	-0.5793	-1.0778	30.2358	26	56
	0.00	0.00	13.01	0.73	-7.66	5.79	5.99	4.449081	-75.199165	2.00	0.2215	-0.9292	-8.8619	0.0000	25.8826	60.5403	-0.6649	-0.9799	29.9286	27	57
	0.00	0.00	13.20	0.92	-8.09	5.72	5.95	4.449069	-75.199157	2.00	-0.9586	-0.5639	-10.7169	0.0000	26.1171	61.5916	-0.7164	-1.0763	29.5999	27	59
	0.00	0.00	13.19	1.32	-9.08	5.66	5.94	4.449069	-75.199157	2.00	-0.0121	-1.1626	-8.8761	0.0000	26.8905	63.2608	-0.7253	-0.9985	29.2744	27	60
	0.00	0.00	12.95	1.13	-8.82	5.64	5.96	4.449069	-75.199157	2.00	-0.0351	-1.0976	-10.1345	0.0000	27.3014	64.7172	-0.7581	-1.0623	29.2916	27	60
	0.00	0.00	13.20	0.82	-8.36	5.67	5.96	4.449069	-75.199157	2.00	-1.1043	-0.5781	-9.9025	0.0000	27.2193	66.0973	-0.6707	-1.2731	29.0992	27	60
	0.00	0.00	13.02	1.25	-9.26	5.74	5.95	4.449069	-75.199157	2.00	0.2572	-2.2739	-10.1784	0.0000	27.0201	66.7275	-0.6978	-1.0520	28.8702	27	60
	0.00	0.00	13.25	1.86	-10.48	5.83	5.93	4.449069	-75.199157	2.00	-0.6340	-1.4421	-9.0336	0.0000	27.4020	66.6726	-1.0093	-1.3978	28.6900	28	59
	0.00	0.00	13.09	1.69	-10.07	5.91	5.89	4.449069	-75.199157	2.00	-0.1529	-0.3144	-10.5714	0.0000	27.6875	66.1176	-1.1251	-1.1155	28.4164	29	58
	0.00	0.00	13.23	1.25	-8.84	6.01	5.87	4.449069	-75.199157	2.00	-1.0068	-1.0883	-9.7836	0.0000	28.2764	65.3252	-1.0933	-1.2029	28.5131	29	57
	0.00	0.00	13.09	1.45	-8.99	6.12	5.87	4.449069	-75.199157	2.00	0.1485	-0.7396	-9.3287	0.0000	29.1231	64.5117	-1.0696	-0.8751	28.1792	29	56
	0.00	0.00	13.26	1.87	-9.91	6.18	5.89	4.449069	-75.199157	2.00	-0.2828	-0.2883	-10.0140	0.0000	29.3792	62.9048	-0.9818	-0.8183	27.7832	29	56
	0.00	0.00	12.95	2.02	-10.43	6.19	5.92	4.449069	-75.199157	2.00	-0.2441	-0.7724	-9.6054	0.0000	29.5314	61.3890	-0.9977	-0.8220	27.4439	29	56
	0.00	0.00	13.16	2.49	-11.38	6.13	5.96	4.449069	-75.199157	2.00	-0.4634	0.3136	-9.6415	0.0000	29.3880	60.8177	-1.1663	-0.5879	27.2131	28	57
	0.00	0.00	13.15	2.97	-12.43	6.05	6.01	4.449069	-75.199157	2.00	0.3827	0.7957	-9.5749	0.0000	29.1043	60.7554	-1.1004	-0.5883	27.2586	28	58
	0.00	0.00	13.26	2.54	-12.00	5.96	6.06	4.449069	-75.199157	2.00	-0.4188	0.0713	-9.5751	0.0000	28.5708	61.7512	-0.8984	-0.6756	27.0353	27	58
	0.00	0.00	13.16	1.63	-10.63	5.89	6.07	4.449069	-75.199157	2.00	0.1534	-0.0091	-9.4827	0.0000	27.8291	62.6955	-0.8057	-0.6790	26.7281	27	59
	0.00	0.00	13.18	1.52	-10.47	5.83	6.06	4.449069	-75.199157	2.00	-0.2912	0.6125	-9.3303	0.0000	27.2386	63.9455	-0.8317	-0.7577	26.5340	27	60
	0.00	0.00	13.27	2.11	-11.32	5.79	6.03	4.449069	-75.199157	2.00	0.2400	0.8142	-9.2354	0.0000	27.3414	64.9247	-0.8532	-0.6742	26.2818	28	61
	0.00	0.00	13.16	2.06	-11.24	5.78	5.99	4.449059	-75.199150	2.00	-0.0667	0.8722	-9.7533	0.0000	27.4385	66.0267	-0.8341	-0.6729	26.2605	28	61
	0.00	0.00	13.18	1.41	-10.80	5.79	5.98	4.449059	-75.199150	2.00	0.2460	0.9649	-8.8806	0.0000	27.9290	66.7949	-0.8235	-0.5139	25.9780	28	61
	0.00	0.00	13.07	1.38	-11.78	5.83	6.00	4.449059	-75.199150	2.00	0.1408	0.6807	-10.1049	0.0000	28.3750	67.1859	-0.7569	-0.4892	25.6744	28	61
	0.00	0.00	13.25	1.88	-13.49	5.90	6.03	4.449059	-75.199150	2.00	0.0012	0.7392	-8.9695	0.0000	28.1455	67.3620	-0.6904	-0.4800	25.3517	27	60
	0.00	0.00	13.07	1.79	-13.79	5.96	6.04	4.449059	-75.199150	2.00	0.4008	0.1113	-9.7884	0.0000	27.7126	66.9101	-0.7056	-0.3716	25.1039	27	59
	0.00	0.00	13.18	1.28	-12.86	5.98	6.00	4.449059	-75.199150	2.00	0.3381	0.6764	-8.8855	0.0000	27.3397	66.1235	-0.8405	-0.4412	25.2231	28	60
	0.00	0.00	13.00	1.27	-12.89	5.99	5.94	4.449059	-75.199150	2.00	0.3069	0.6726	-9.6450	0.0000	27.5104	65.7826	-0.8739	-0.4140	24.9567	29	60
	0.00	0.00	13.15	1.54	-13.66	6.00	5.87	4.449059	-75.199150	2.00	0.1101	0.0097	-9.7387	0.0000	28.4598	65.8712	-0.8791	-0.4583	24.6779	30	60
	0.00	0.00	12.90	1.42	-13.58	6.02	5.82	4.449059	-75.199150	2.00	0.2733	-0.0905	-9.1924	0.0000	29.4459	65.7071	-0.8965	-0.3415	24.3988	31	59
	0.00	0.00	13.05	1.25	-13.10	6.05	5.78	4.449059	-75.199150	2.00	0.3578	0.0411	-9.7808	0.0000	30.6458	65.5286	-0.9176	-0.5128	24.1028	31	59
	0.00	0.00	13.16	1.25	-12.72	6.05	5.77	4.449059	-75.199150	2.00	-0.1903	-0.4959	-9.7174	0.0000	31.5259	65.0986	-0.9125	-0.5185	24.1054	32	59
	0.00	0.00	13.23	0.88	-12.05	6.03	5.79	4.449059	-75.199150	2.00	0.1414	0.0447	-9.5911	0.0000	32.4422	64.6682	-0.8913	-0.4719	23.8251	31	60
	0.00	0.00	13.07	0.24	-11.33	5.96	5.84	4.449059	-75.199150	2.00	0.4576	0.0209	-9.3430	0.0000	32.7796	64.9123	-0.7879	-0.4025	23.5246	31	61
	0.00	0.00	13.19	-0.08	-11.16	5.87	5.91	4.449059	-75.199150	2.00	0.0506	-0.8515	-9.9436	0.0000	32.7376	65.3827	-0.7444	-0.4131	23.3916	30	62
	0.00	0.00	13.04	0.08	-11.58	5.77	5.96	4.449059	-75.199150	2.00	0.1156	-0.4202	-9.7769	0.0000	32.2218	66.8525	-0.8004	-0.3963	23.0936	30	63
	0.00	0.00	13.08	0.30	-12.07	5.69	5.98	4.449059	-75.199150	2.00	0.1355	-0.1194	-9.5199	0.0000	31.5254	68.4159	-0.7805	-0.3791	23.1243	30	65
	0.00	0.00	13.11	0.12	-12.42	5.65	5.98	4.449050	-75.199142	2.0	-0.0034	-1.0838	-10.0148	0.0000	31.3131	70.2461	-0.6861	-0.4466	22.9153	31	65
